胃痛暴作，恶寒喜暖，得温痛减，遇寒加重；口淡不渴，或喜热饮。|1,1,1:1,2,3,4
胃脘疼痛，胀满据按，嗳腐吞酸，或呕吐不消化食物，其味腐臭，不思饮食；大便不爽，得矢气及便后稍舒。|1,2,2:1,2,3,4
头痛爆裂|2,3,3:5,6,7,8,9,10,4
头痛，眩晕|2,3,3:5,6,7,8,9,10,4
头痛，发热，鼻塞|2,5,6:1,2,3,4
恶寒发热，无汗，或热势不高，鼻塞流涕，头痛身楚，，咳嗽痰白，咳痰无力，平素神疲体倦，乏力。|3,1,7:13,19,4,20,21,22,23,24,25,10,26
头痛，眼花，眩晕，|2,3,8:27,28
恶寒重，发热轻，无汗，头痛，肢体酸痛；鼻塞，喷嚏，流清涕，咳嗽|4,6,9:29,30,31,5,10,23,22,32,7
恶寒发热，咳嗽，胸痛，咳时尤甚；咯吐白色黏痰，痰量由少渐多，呼吸不利，口干鼻燥|5,7,10:33,34,35,29,36,37,38,23,39,40,22,4
身热转甚，时时振寒，继则壮热，咳嗽气急，胸满作痛，转侧不利，咳吐黄稠痰，或黄绿色痰，自觉喉间有腥味；口干咽燥，烦躁汗出|2,8,11:41,42,43,23,11,33,44,45,46,47,4,37
咳吐大量脓痰，或如米粥，或痰血相兼，腥臭异常；有时咯血，胸中烦满而痛，甚则气喘不能卧，身热面赤，烦渴喜饮|6,9,12:23,33,39,41,25,48,49,4
身热渐退，咳嗽减轻，咯吐脓血渐少，臭味亦减，痰液转为清稀；精神渐振，食欲改善，或见胸胁隐痛，难以久卧，气短乏力，自汗，盗汗，低热，午后潮热，心烦，口干咽燥，面色不华，形瘦神疲|7,10,13:54,55,56,57,58,59,17,39,42
心悸不宁，善惊易恐，坐卧不宁；少寐多梦，易惊醒，恶闻声响，食少纳呆|5,1,14:13,19,50,51,52,53
心悸气短，头晕目眩，少寐多梦，健忘，思虑劳心则甚；神疲乏力，纳呆食少，腹胀便溏；口唇色淡，面色无华，|5,4,15:13,65,4,17,59,66,67,50,68,26,15,16
心悸易惊，心烦失眠，形体消瘦，五心烦热，口干盗汗；头晕目眩，耳鸣，急躁易怒，腰酸酸软，小便短黄，大便干结|8,11,16:13,69,70,66,19,71,23,72,55,67,73,74,4,75,17,76
心悸不宁，胸闷气短，自汗，动则尤甚；形寒肢冷，喜温，或伴心痛；面色㿠白|9,5,17:2,4,28,27,13,77,15,16
心悸，胸闷痞满，渴不欲饮，肢面浮肿，尿少，甚者咳喘，不能平卧；眩晕，呕恶流涎，形寒肢冷|10,12,18:19,2,65,4
心悸，胸闷，心痛时作，痛如针刺；心悸日久不愈，面色晦暗，唇甲青紫。或兼神疲乏力，少气懒言；或兼形寒肢冷；或兼两胁胀痛，善太息|11,4,19:78,17,43,8,79,80,7,81,69,82,83,2,4,28,27
颈前喉结两旁结块肿大，质软不痛，颈部觉胀；胸闷，喜太息，或胸胁窜痛，病情常随情志波动|1,6,20:84,85,86,87,88,89,9
心悸时发时止，受惊易作；胸闷胀满，痰多呕恶，易怒烦躁，失眠多梦，口干口苦；大便秘结，小便短赤|2,8,21:24,19,9,4,90,91,75,16
颈前喉结两旁结块肿大，按之较硬或有结节，肿块经久不消；胸闷，纳差|12,13,22:85,84,86,82,9,24,92,93,34,17,7
心悸时发时止，受惊易作；胸闷胀满，痰多呕恶，易怒烦躁，失眠多梦，口干口苦；大便秘结，小便短赤|2,8,21:75,24,119,15,91,90,4
颈前喉结两旁轻度或中度肿大，一般柔软光滑；烦热汗出，急躁易怒，眼球突出，手指颤抖，面部烘热，口苦咽干，多食易饥|6,14,23:5,17,6,94,95,40,96,93,70
健忘失眠，心悸神倦；纳呆气短，脘腹胀满。|9,4,15:13,65,4,17,59,66,67,50,68,26,15,16
颈前喉结两旁结块或大或小，质软，病起缓慢；心悸不宁，心烦少寐，易出汗，手指颤动，眼干，目眩，倦怠乏力|6,15,24:76,54,70,55,72,13,19,64,17,69,67,73,71,66,98
健忘，形体疲惫，精神不振；腰酸腿软，头晕耳鸣，遗精早泄，五心烦热。|2,4,25:102,83,103,104,105,106,107,108
寒战壮热，休作有时，先有哈欠乏力，继则寒栗鼓颔，寒罢则内外皆热；头痛面赤，口渴引饮，终则遍身汗出，热退身凉|13,16,20:5,24,13,4,11,15,16,99,100,101
健忘嗜卧，困倦；头晕胸闷，呕恶，咳吐痰涎。|1,17,21:90,91,24,9,19,4,15,16
热多寒少，汗出不畅；头痛，骨节酸疼，口渴引饮，便秘尿赤|13,18,23:109,110,111,4,2
遇事善忘，心悸胸闷；伴言语迟缓，神思欠敏，表现呆钝，面唇暗红或黧黑。|14,4,26:17,76,43,78,10,112,5,4,23,108,7
多形体壮实，多由精神刺激引发，突然昏倒，不省人事；口噤拳握，呼吸气粗，或四肢厥冷。|1,1,27:113,114,100,90,26
精神抑郁，表情淡漠，沉默痴呆，时时太息，言语无序；或喃喃自语，多疑多虑，喜怒无常，秽洁不分，不思饮食。|2,19,21:24,9,92,19,4,15,90,26,8
精神抑郁，情绪不宁，喜太息；胁肋胀痛，痛无定处，女子月事不调或经前乳胀；胸部满闷，脘闷嗳气，不思饮食，大便不调|1,20,20:5,8,10,9,7,3,4
头晕目眩，突然昏仆，不省人事；面色苍白，呼吸微弱，汗出肢冷。|9,1,28:13,115,14,116
性情急躁易怒，胸胁胀满，口苦而干；或头痛、目赤、耳鸣；或胃脘灼痛，嘈杂吞酸，大便秘结|6,18,23:5,35,117,118,17,6,65,19,95,94
精神抑郁，胸部闷塞，胁肋胀满；咽中如有物梗塞，吞之不下，咯之不出|1,21,29:75,24,119,15,91,90,4
神思恍惚，魂梦颠倒，心悸易惊，善悲欲哭；肢体困乏，饮食锐减，言语无序|9,1,30:59,13,19,14,17,50,66,73,67,71,7,120,121,7,8,122,123,94
精神抑郁，性情急躁；头痛，失眠，健忘；胸胁胀痛，或呈刺痛且痛有定处，或身体某部有发冷发热感|15,4,22:111,109,142,55,108,143,144,134,145
精神恍惚，心神不宁，多疑易惊，悲忧善哭，喜怒无常；时时欠伸，或手舞足蹈，骂詈喊叫等多种症状|16,6,31:4,124,16
多思善疑，心悸胆怯，失眠，健忘；腹胀，纳差，便溏；头晕神疲，面色不华|16,4,32:13,65,59,4,17,6,67,68,66,50,26
精神抑郁，情绪不宁，沉默痴呆；善怒易哭、时时太息、胁胀|9,1,3:9,5,10,3,14,8,7
情绪不宁，心悸；健忘，失眠，多梦，五心烦热，盗汗，口咽干燥|17,4,33:76,72,55,70,13,19,71,17,73,67,66,69,4
情绪不宁，急躁易怒；眩晕，耳鸣，目干畏光，视物不明，或头痛且胀，面红目赤，或肢体麻木|18,4,34:111,109,142,55,108,143,144,134,145
起病急骤，二目怒视，狂暴无知，面红目赤，言语杂乱，骂詈叫号，不避亲疏；性情急躁，或毁物伤人，或哭笑无常。头痛失眠，渴喜冷饮，便秘尿赤|19,22,35:127,128,129,39,19,25,51,66,130,50,72,55,69,70,34
心悸气短，胸闷胸痛；发热，恶风，全身酸痛，神疲乏力，咽喉肿痛，咳嗽，口干渴|2,23,36:33,34,35,29,36,37,38,23,39,40,22,4
鼻燥衄血，口干咽燥；或兼有身热，恶风，头痛，咳嗽，痰少等症|6,10,37:131,132,35,34,23,133,4,37,95,134,135,136
猝然心痛如绞，或心痛彻背，重则喘息不能平卧；形寒肢冷，面色苍白，冷汗自出，心悸气短；气候骤冷或骤遇风寒而发病或加重|1,1,38:137,138,139,17,2,3,140,4,141,16
胸部刺痛，固定不移，入夜尤甚；或见胸胁胀痛，善太息，遇情志不遂时容易诱发或加重；时见心悸不宁|20,4,39:17,76,43,78,10,112,5,4,23,108,7
鼻衄，或兼齿衄，血色鲜红；口渴欲饮，鼻干，口干臭秽，烦躁，便秘|13,18,40:111,109,142,55,108,143,144,134,145
情绪焦虑、紧张，时而躁动；心烦易躁，失眠多梦，精神疲惫，形瘦面红，心悸健忘，五心烦热|2,11,25:76,55,146,147,70,19,75,148,149,38
胸闷重而心痛微，或痛引肩背，气短喘促，遇阴雨天易发作；肢体沉重，形体肥胖，倦怠乏力，纳呆便溏，咳嗽痰多，口粘恶心|21,24,2:137,138,139,150,151,9,90,19,13,152,91,4,15
心胸隐痛，时作时休，心悸气短，动则益甚，伴疲倦乏力，声息低微，面色㿠白，易汗出；心悸，手足心热，面潮红，口干|22,1,41:13,55,71,59,83,17,6,65,19,14,9,153,154
鼻衄，头痛，目眩；耳鸣，烦躁易怒，两目红赤，口苦|13,4,23:155,5,94,11,148,156,157,76,17,4,134,158,143,144,145
胸闷痛或灼痛，心悸虚烦不寐，盗汗，腰膝酸软，耳鸣，或头晕目眩；胸憋闷刺痛，或面部烘热，汗多，善太息，胁肋胀痛|23,25,42:13,69,70,66,19,71,23,72,55,17,76,67,73,74,83,126,125,156,95
躁扰不安，多言多语；面色晦滞，胸胁满痛，头痛心烦，或呆滞少语，妄见妄闻，或妇人经期腹痛，经血紫黯|24,4,43:43,5,8,148,80,24,159,82,9,160,161,4,162,163,164,165,3,133,11,166,167,168,43,4
热少寒多，口不渴，神疲体倦；胸脘痞闷|1,21,20:5,11,2,163,4,99,169,100,170,82,9
热甚寒微，或壮热不寒；头痛，肢体烦疼，面红目赤，胸闷呕吐，烦渴饮冷，大便秘结，小便热赤，甚至神昏谵语|25,26,44:11,75,109,5,171,99,91,90,24,9,19,172
狂证久治不愈，神志恍惚，多言善惊，心烦易怒，躁扰不寐；面红形瘦，口干舌燥|2,11,45:57,65,19,4,109,107,83,106,173
胸闷痛，气短，遇寒加重。心悸，胸闷气短，动则更甚，自汗，腰酸乏力， 畏寒肢冷，唇甲淡白，面色㿠白；或胸痛掣背，四肢厥冷，唇色紫黯，脉微欲绝，或动则气喘， 不能平卧，面浮足肿|26,27,46:13,77,15,16,83,125,126,174,14,103,121,175
寒甚热微，或但寒不热；或呕吐腹泻，甚则神昏不语|1,28,20:122,170,9,4,176,24,177,178,100,169,51
突然昏倒，不省人事；牙关紧闭，面赤唇紫。|2,4,47:179,78,180,8,113,82,26,156
鼻衄，或兼齿衄、肌衄；神疲乏力，面色㿠白，头晕，耳鸣，心悸，夜寐不宁|16,4,48:57,19,65,4,17,59,67,66,68,26,62,181,182
不寐多梦，性情急躁；不思饮食，口渴喜饮，头胀头晕，目赤耳鸣，口舌生疮口苦，便秘溲赤|2,3,49:155,5,94,11,148,156,157,76,17,4,134,158,143,144,145
寒热时作，倦怠乏力，短气懒言，遇劳则复发疟疾；食少，面色萎黄，形体消瘦|16,4,48:13,183,17,9,15
发病前常有眩晕、头昏、胸闷、乏力痰多；无明显症状，突然仆倒，不省人事，面色潮红，牙关紧闭，两目上视，四肢抽搐，口吐涎沫；或喉中痰鸣或发怪叫，移时苏醒，一如常人|2,29,50:5,35,55,94,75,155,50,128,4,148,38,74
心悸头晕，或眼前发黑，昏厥无知；面色苍白，口唇不华，目陷口张，自汗肤冷，气息低微，或四肢震颤。|9,1,51:13,13,14,59,17,6,18,154,16,65,19,71,153,9
突然头晕眩仆，或因原有咳喘发作严重，一时痰浊上涌，不能咯出；喉中痰鸣，呼吸急促，胸闷纳呆，或呕吐痰涎。|1,24,52:24,9,90,19,4,151,15
齿衄，血色鲜红；齿龈红肿疼痛，头痛，口臭|13,18,40:76,95,184,168,75,11,34,17,4,134,143,144,145
外感热病中，猝然耳鸣、耳聋或伴有耳内作痒；头痛恶风或有发热，骨节酸痛等表证|1,30,53:33,34,4,191,36,23,38,37
齿衄，血色淡红；起病较缓，常因受热及烦劳而诱发，齿摇不坚|6,31,33:83,125,126,19,95,156,190,11,136,62
急躁易怒，心烦失眠，咯痰不爽，口苦咽干，便秘溲黄；病发后，症状加重，甚则彻夜难眠，目赤|2,3,35:155,11,94,156,148,157,17,76,5,147
不寐心烦，头重目眩；痰多胸闷，口苦嗳气，吞酸恶心，或大便秘结|2,32,11:24,19,9,4,90,91,75,16
喉痒咳嗽，痰中带血；口干鼻燥，或有身热|27,14,37:131,94,192,54,193,39,133,134,182,145,136
暴饮暴食后，突然昏厥；气息窒塞，脘腹胀满。|1,2,54:194,122,9,170,4,176,195,180,123,24,19,9,34,196
心烦不寐，头晕心悸；腰酸膝软，耳鸣，健忘，口干津少，潮热盗汗，五心烦热，男子梦遗，女子月经不调|2,33,25:83,126,125,156,95,19,75,121
面色晦暗青灰而黄，手足清冷，双眼半开半合，昏愦，拘急；或抽搐时作，口吐涎沫，一般口不啼叫；或声音微小，仅为呆木无知，不闻不见，不动不语，动作中断，手中物体落地；或头突然向前倾下，又迅速抬起；或目上吊数秒乃数分钟即可恢复；病发后对上述症状全然不知，多一日频作十数次或数十次，醒后周身乏力，或如常人|9,34,55:43,5,8,148,80,24,159,82,9,160,161,4,162,163,164,165,3,133,11,166,167,168,43,4
猝然耳鸣、耳聋，头痛面赤、口苦咽干；心烦易怒，怒则鸣聋更甚，胸胁胀痛，大便秘结，夜寐不宁|13,18,23:155,11,148,156,157,5,94,17,76,4
梦多易醒，心悸健忘；头晕目眩，胸脘满闷，纳食无味，肢倦神疲，面色少华|9,35,15:13,65,4,17,59,66,67,50,68,26,15,16
发病前常有眩晕、头昏、胸闷、乏力痰多，心情不悦；痫病发作呈多样性，或见突然跌倒，神志不清，双目发呆，茫然所失，谈话中断，持物落地，或精神恍惚而无抽搐|2,17,56:197,198,92,24,19,50,69,55,51,66,199,200,201,130
咳嗽阵作，痰中带血或纯血鲜红；胸胁胀痛，烦躁易怒，口苦|6,14,23:202,11,160,203,88,4,135,134,204
不寐多梦，易于惊醒，胆怯心悸，遇事善惊；气短倦怠，自汗虚烦|9,4,57:13,19,50,51,52,53,109,7,4,67
汗出恶风，动则加重；易于感冒，体倦乏力，面色少华|16,4,58:59,65,30
两耳蝉鸣，时轻时重，有时闭塞如聋；胸中烦闷，痰多、口苦|13,36,59:9,24,19,91,10,4,15,16
心胸刺痛，胸部闷窒，动则加重；气短无力，心悸汗出|28,1,60:13,59,121,17,76,43,78,10,112,5,4,23,108,7
咳嗽痰少，痰中带血，或反复咳血，血色鲜红；口干咽燥，颧红，潮热盗汗|6,4,33:55,70,76,83,17,6,39,4,49,145,134,182
胸痛彻背，胸闷气短，心悸不宁；神疲乏力，形寒肢冷|29,24,61:59,17
腹痛拘急，得温痛减，遇寒痛甚；口淡不渴，形寒肢冷，小便清长，大便清稀或秘结|16,21,63:206,163,207,113,8,9
耳鸣耳聋，久延难止；头晕目眩，腰酸遗精|13,4,64:83,126,125,156,19,95,71,205
心胸绞痛，胸中憋闷或有窒息感，喘促不宁，心悸；大汗淋漓，烦躁不安或表情淡漠，重则神智昏迷，口开目合，四肢厥冷，手撒尿遗；面色苍白|1,4,65:116,163,13,14
吐血色红或紫黯，口苦胁痛；心烦易怒，寐少梦多|25,4,23:155,5,11,94,156,148,157,76,17,134,145,135,182
吐血缠绵不止，时轻时重，血色暗淡；神疲乏力，心悸气短，面色苍白|16,4,58:57,19,65,4,17,59,26,62,181,210,49,211
腹部胀痛，痞满拒按；口干，口苦，或身热，大便秘结，或溏滞不爽，小便黄赤|1,37,62:168,212,170,90
耳鸣耳聋，久延难止；肢体酸软，腰冷畏寒，阳痿早泄|3,10,66:213,214,215,216,17,13,59,217,218,116,121
烦渴多饮，口干舌燥；|30,14,40:75,219,220,221,222,223,224
耳鸣、耳聋，时轻时重；休息暂减，烦劳加重，倦怠乏力，神疲食少，大便易溏|32,10,58:13,59,225,21,226,107,3
便血色红黏稠；大便不畅或稀溏，或有腹痛，口苦|6,9,68:227,182,228,94,11,75,19,30,10,17
便血色淡红或紫黯；食少，体倦，面色萎黄，心悸，少寐|16,4,32:57,19,65,4,17,59,67,66,68,26,62,229,227,181
脘腹胀满，疼痛拒按，嗳腐吞酸；厌食，痛而欲泻，泻后痛减，粪便奇臭，或大便秘结|1,38,69:168,90,123,11,75,156,65,19
反复发作，神疲乏力，心悸气短，不寐多梦；面色苍白，形体消瘦纳呆，大便溏薄|9,24,70:13,14,19,65,9,150,15,16,13,65,4,17,59,66,67,50,68,26,15,16
脘腹疼痛，胀满不舒，痛无定处；痛引少腹、两胁，得嗳气矢气则舒，遇忧思恼怒则剧|1,6,20:5,10,8,9,3,4,7
汗出恶风；周身酸楚，或微发热，头痛；或表现半身、某局部出汗|33,6,71:2,3,15,16,4
便血紫黯，甚则黑色，腹部隐痛，喜热饮；面色不华，神倦懒言，便溏|16,4,32:230,115,65,116,4,142,62,11,49,211,231,232
痫病频作，神思恍惚，面色晦暗；头晕目眩，两目干涩，耳轮焦枯不泽，健忘失眠，腰膝痠软，大便干燥|2,35,45:83,125,126,64,103,57,4,17,214,233
小便黄赤灼热，尿血鲜红；心烦口渴，面赤口疮，夜寐不安|6,4,37:144,76,145,158,94,38,234,4,17
少腹疼痛，痛如针刺，痛处固定不移，拒按，腹痛经久不愈；腹部包块，大便色黑，肌肤甲错|34,4,72:17,7,80,158,235,236,79,237,121,163
盗汗或自汗；心悸不寐，神倦懒言，面色无华|3,4,58:59,13,65,17,67,68,66,15,4,16,26,50
智能减退，记忆力、计算力、定向力、判断力明显减退，神情呆钝，语不达意；头晕耳鸣，懈惰思卧，齿枯发焦，腰酸骨软，步履艰难|35,1,73:13,83,17,65,67,66,4
小便短赤带血，头晕耳鸣，神疲；颧红潮热，腰膝酸软|6,4,33:142,125,126,19,156,95,109,107,135,143,144,145,158
腹痛绵绵，时作时止，喜温喜按，饥饿劳累后加重，得食休息后减轻；神疲乏力，气短懒言，形寒肢冷，面色无华，大便溏薄|3,6,66:59,2,238,15,16,3,4
胸胁胀满不舒，心下痞闷，胃中有振水音，脘腹喜温畏冷冷痛，喜温喜按，泛吐清水痰涎；口渴不欲饮水，饮入即吐，头晕目眩，心悸气短乏力，纳差食少，大便溏泄，形体逐渐消瘦|16,39,74:2,4,65,19,24,15
久病尿血，甚或兼见齿衄、肌衄；食少，体倦乏力，气短声低，面色不华|16,4,58:57,19,65,4,17,59,67,66,68,26,83,62,181,229
表情呆滞，沉默寡言，记忆减退，失认失算，口齿含糊，词不达意；伴腰膝酸软，肌肉萎缩，食少纳呆，气短懒言；口涎外溢或四肢不温，腹痛喜按，鸡鸣泄泻|36,40,75:83,64,126,213,66,215,237,103,239,19,71,57,240,152,16
久病尿血，血色淡红；头晕耳鸣，精神困惫，腰脊酸痛|16,4,76:83,125,126,239,213,214,103,215,19,156,71,241,181,158,229,242
皮肤出现青紫斑点或斑块，或伴有鼻衄、齿衄、便血、尿血；或有发热，口渴，便秘|6,18,23:143,144,136,190,134,243,95,94,168
表情呆钝，智力衰退，或哭笑无常，喃喃自语，或终日无语，呆若木鸡；伴不思饮食，脘腹胀痛，痞满不适，口多涎沫，头重如裹|9,24,2:24,9,90,19,4,151
夜寐盗汗或有自汗；五心烦热，或兼午后潮热，两颧色红，口渴，女子月经不调，男子梦遗|6,33,33:17,76,83,75,11,107,59
心下坚满或痛，自利，利后反快，虽利，心下续坚满；水走肠间，沥沥有声，腹满，便秘或便溏，口舌干燥|1,41,77:244,24,6,224,4,244,168,245,246,247
皮肤出现青紫斑点或斑块，时发时止，常伴鼻衄、齿衄或月经过多；颧红，心烦，口渴，手足心热，或有潮热，盗汗|6,31,33:190,11,248,76,62,4
表情迟钝，言语不利，善忘，易惊恐，或思维异常，行为古怪；伴肌肤甲错，口干不欲饮，双目晦暗|37,4,78:80,7,43,78,249,250,251,16,252
蒸蒸汗出，汗黏，汗液易使衣服黄染；面赤烘热，烦躁；口苦，小便色黄|13,42,79:155,11,94,5,156,148,157,17,76,253
寒热往来，或发热不恶寒，有汗而热不解，汗少，咳嗽咳痰，痰量较少，气急喘促，胸胁刺痛，呼吸、转侧疼痛加重；心下痞硬，口苦，咽干，干呕|1,43,23:5,11,137,24,10,82,80,23,133
反复发生肌衄，久病不愈；神疲乏力，头晕目眩，面色苍白或萎黄，食欲不振|16,4,58:57,19,65,4,17,59,67,66,68,26,181,254,227,158,190,255
头痛连及项背，常喜裹头；恶风畏寒，遇风尤剧，口不渴，或兼鼻塞、流清涕等症。|1,6,80:7,29,30,140,208,35,31,4
粪便清稀，甚则如水样，腹痛肠鸣，纳呆脘闷；或伴有恶寒发热头痛，肢体酸痛|1,13,81:176,65,19,9,24,159,207,208,23
头痛而胀，甚则头胀如裂；发热恶风，面红目赤，口渴喜饮，大便不畅，或便秘，小便黄赤。|38,14,82:7,208,111,256,31,132
腹痛频作，里急后重，下痢赤白脓血；大便腥臭，肛门灼热，小便短赤|6,44,62:11,75,168,26,100,17,3,4,121
泄泻腹痛，泻下急迫；或泻而不爽，粪色黄褐，气味臭秽，肛门灼热，烦热口渴，小便短黄|1,9,83:21,11,75,4,26,19,157
发热多为低热或潮热，热势常随情绪波动而起伏；精神抑郁，胁肋胀满，烦躁易怒，口干而苦|6,45,23:5,117,35,17,257,95,94,65,19,4
泻下稀便，臭如败卵，伴有不消化食物，腹痛肠鸣，泻后痛减；脘腹胀满，嗳腐酸臭，不思饮食|1,46,69:123,180,196,24,9,19
眼睑浮肿，继则四肢及全身皆肿，来势迅速，多有恶寒，发热，肢体酸重，小便不利等恶寒，哮喘|1,1,84:1,133,30,258,65,19,156,157,111,160,11,20,2,30
骤然发病，呕吐暴作；发热恶寒，头身疼痛，胸脘满闷。|1,24,85:176,207,208,159,170,65,19,24,9,15
头痛如裹；肢体困重，胸闷纳呆，小便不利，大便溏薄。|1,21,86:31,32,256,30,7,226,14
眼睑浮肿，继则四肢及全身皆肿，来势迅速，多有恶寒，发热，肢体酸重，小便不利等；咽喉肿痛|2,4,87:1,133,30,258,65,19,156,157,111,160,11
发病急骤，腹痛剧烈，里急后重明显，痢下鲜紫脓血；壮热烦渴，头痛烦躁，神昏惊厥；亦可见下痢量少或无，而突然出现高热，神昏谵语，呕吐，喘逆，四肢厥冷|25,47,88:260,75,107,261
头痛且眩，两侧为重；心烦易怒，失眠多梦，面红目赤，口苦，或兼胁痛。|13,18,23:197,128,262,94,11,263,103,108,264,265,50
发热多在午后或夜晚，或热势昼轻夜重，或自觉发热，或局部发热；口干咽燥而不欲饮，躯体有固定痛处或肿块，面色萎黄或黯黑，甚或肌肤甲错|39,4,89:17,43,78,80,76,7,108,5,10,23
呕吐酸腐，大便不爽，或溏或结；脘腹胀满，嗳气，厌食，得食愈甚，呕后稍舒。|1,2,54:180,123,24,19,9,34,196
头痛隐隐，缠绵不休；心悸怔忡，失眠少寐，面色萎黄，气短乏力。|16,6,58:13,65,19,4,17,6,83,7,16,15
低热，午后热甚或身热不扬，胸闷，周身困重；纳呆脘痞，口干不欲饮，呕恶，大便稀薄或粘滞不爽|1,48,68:133,266,267,24,170,141,234,38
眼睑浮肿，延及周身，身发疮痍，甚者溃烂；恶风发热、尿少色赤，大便不爽|2,23,90:1,133,268,160,33,269,47,46,270
发热，热势或低或高，常在劳累后发作或加剧；倦怠乏力，气短懒言，自汗，易于感冒，食少便溏|16,6,58:59,13,65,19,14,9,17,225,271
呕吐清水痰涎，脘腹满闷，不思饮食，脘中水声辘辘；头眩心悸。|1,24,2:24,15,19,2,65,4
全身水肿，按之没指，身体困重；胸闷，纳呆，泛恶，小便短少|1,24,91:160,159,272,9,273,65,19,122,170,274,156,121
胁痛以胀痛为主，走窜不定，甚则连及胸背；疼痛每因情志而增减，胸闷腹胀，纳少，嗳气频作；|1,49,20:5,8,10,9,7,3,4
发热绵绵不断，多为低热，头晕眼花，身倦乏力，心悸眠差；面白少华，唇甲色淡|16,4,58:59,57,19,65,4,17,68,67,66,26
遍体浮肿，皮肤绷紧光亮，胸脘痞闷；烦热口渴，小便短赤，或大便干结。|1,8,92:31,275,30,272,159,273,274,19,156,247,268,107,100,276
呕吐吞酸，嗳气频繁；情志郁闷，胸胁胀痛。|5,50,3:5,6,90,14,24,170,207,19,15
恶寒重，发热轻，无汗，头痛，肢体酸痛；鼻塞，喷嚏，流清涕，咳嗽；|4,6,9:32,7,10,23,22,5,29,30,31
身肿，腰以下为甚，按之凹陷不易恢复；脘腹胀闷，面色萎黄，纳减便溏，神倦肢冷，劳累后加重，小便短少。|9,51,93:163,116,287,2,65,19,14,15,16,19,156,157,288,26,170,159
头痛且空，眩晕耳鸣；腰膝酸软，神疲乏力，五心烦热，遗精或带下。|13,33,94:83,125,126,64,103,57,4,17,214,233
胸胁疼痛，咳唾引痛，痛势较前减轻，而呼吸困难加重，气喘气憋，息促不能平卧；或仅能偏卧于停饮的一侧，病侧肋间胀满不舒，严重者可见病侧胸廓隆起|1,52,95:48,160,161,277,133,10,278,19,274,156,279,157,244,280,281
发热以午后或夜间为甚，手足心热或骨蒸潮热；颧红盗汗，心烦少寐、多梦，口干咽燥，大便干，小便色黄量少|40,53,33:282,109,283,203,171,275,284
面浮身肿，腰以下尤甚，按之凹陷不起；心悸，气促，腰部冷痛酸重，尿量减少或增多，四肢厥冷，怯寒神疲；面色㿠白或晦滞。|10,5,96:116,121,215,285,65,19,156,157,108
饮食稍有不慎或稍有劳倦即食呕吐，时作时止；胃纳不佳，倦怠乏力，面色㿠白甚则四肢不温，口干不欲饮；脘腹痞闷，便溏。|9,1,97:26,195,13,19,65,4,24,9
胸胁胀满疼痛，胸闷不舒，气憋；或有闷咳，甚则迁延，阴雨加重。严重者可见病侧胸廓变形|41,6,20:76,70,55
发热欲近衣，形寒怯冷，四肢不温；头晕嗜卧，纳少便溏，腰膝酸痛，面色晄白|42,54,98:83,125,126,19,156,95,116,2
咳嗽咳痰时作，咯吐少量黏黄痰，不易咳出，口燥咽干；或午后颧红，心烦，手足心热，潮热盗汗，或伴胸胁闷痛，病久不复，形体羸瘦。|43,55,99:5,8,10,9,7,3,4
腹痛拘急，痢下赤白粘冻，白多赤少，或纯为白冻，里急后重；脘痞腹胀，头身困重|16,21,100:122,65,170,2,19,9
水肿肿势轻重不一，四肢或全身浮肿，久治不愈；皮肤瘀斑，腰部刺痛，或见血尿，久治不愈。|20,5,101:163,116,287,2,65,19,14,15,16,19,156,157,288,26,170,159
呕吐反复发作，但呕吐量不多，或仅吐唾涎沫，时作干呕；口燥咽干，胃中嘈杂，似饥而不欲食。|44,4,25:105,24,13,4,110,16
身体沉重而疼痛，甚则肢体浮肿，头痛，恶寒，无汗，或有咳喘，白色泡沫痰；胸闷不舒，干呕，口不渴|41,56,102:1,2,24,163,140,71,6,14
胁肋胀痛，牵引肩背，触痛明显，拒按；口苦口干，胸闷纳呆，恶心呕吐，目赤或目黄、身黄、小便黄赤；|1,57,103:289,94,168
自觉吞咽时梗阻不畅，胸膈痞满，或有疼痛感，情志舒畅可减轻；嗳气呃逆，呕吐痰涎，口干咽燥，大便艰涩。|2,50,21:69,117,290,54,198,19,291,292
痢下赤白脓血，或下痢鲜血粘稠，脐腹灼痛，虚坐努责，量少难出；午后低热，口干食少，心烦|45,58,33:5,168,90,11,24,6,16,15
咳逆喘息不得卧，咳吐白色泡沫痰，量多，经久不愈，阴天加重，甚至引起面浮跗肿；或平素伏而不作，遇寒即发，发则寒热，背痛，腰痛，目泣自出，身体振振瞤动|1,59,102:1,2,163,140,24,170,161,133,4,71
吞咽梗塞而痛，水饮可下，固体食物难进；形体消瘦，口燥咽干，五心烦热，大便干结。|46,4,104:289,116,65,163,4
大便干结，腹中胀满，口干口臭；面红身热，小便短赤，心烦不安，时欲饮冷|47,60,62:286,168,133,6,90,170
身热较著，微恶风，有汗或少汗，咽红肿痛；鼻塞，喷嚏，流稠涕，咳嗽，口干渴|6,14,82:33,34,29,35,192,23,40,4,293,37
喘促动则为甚，心悸，气短，或咳而气怯，痰多；食少，胸闷，怯寒肢冷，神疲，少腹拘急不仁，脐下动悸，小便不利，足跗浮肿，或吐涎沫而头目昏眩|48,61,105:2,116,59,294,65,14,161,163,295,296,114,297,126
大便秘结，欲排不得，腹中胀满；胸胁满闷，嗳气呃逆，肠鸣矢气，纳差|1,62,20:26,113,114,168,100,90
发于夏季，头身困重，发热；暑湿偏重者，兼食欲不振，胸闷脘痞，口中粘腻，或呕吐，腹泻；暑热偏重者，见高热汗出，心烦口渴，小便短黄。|1,63,5:298,33,34,299,170
大便艰涩，腹痛拘急，胀满拒按；手足不温，呃逆呕吐；，|1,64,20:116,168,140
虽有便意，临厕努争乏力，难以排出，便后乏力；汗出短气，面白神疲，肢倦懒言|49,6,58:59,286,300,9
大便干结；面色苍白，头晕目眩，心悸，失眠多梦，健忘|16,56,32:17,76,301,43,10
大便干结，甚如羊屎状；形体消瘦，头晕耳鸣，两颧红赤，心烦少眠，潮热盗汗，腰膝酸软|13,33,33:222,70,55
恶寒发热，鼻塞，流涕，喷嚏，头痛；偏于气虚者，兼倦怠乏力，气短懒言，易汗出，反复易感；|3,56,106:20,22,21,57,19,4
大便艰涩，排出困难；面色㿠白，四肢不温，喜热怕冷，小便清长，或腹中冷痛，或腰膝冷痛|16,65,107:213,17,108,10,156,225
恶寒发热，鼻塞，流涕，喷嚏，头痛；偏于阴虚者，口干咽燥，手足心热。|13,31,33:56,36,35,302,23,303,4,16
胁痛以胀痛为主，走窜不定，甚则连及胸背；疼痛每因情志而增减，胸闷腹胀，纳少，嗳气频作|1,49,20:5,8,10,9,7,3,4
胁肋胀痛，牵引肩背，触痛明显，拒按；口苦口干，胸闷纳呆，恶心呕吐，目赤或目黄、身黄、小便黄赤|1,57,103:155,11,94,5,148,157,156,17,76
胁肋刺痛，痛有定处；入夜更甚，胁肋下或面色晦暗|50,4,108:304,305
胁肋隐痛，悠悠不休，遇劳加重；口干咽燥，心中烦热，头晕目眩|13,33,109:76,64,54,55,17,98
身目俱黄，黄色鲜明，发热口渴；心中懊憹，腹部胀满，口干而苦，恶心呕吐，小便短少黄赤，大便秘结|1,57,110:289,94,168
身目俱黄，但不如前者鲜明，头重身困；嗜卧乏力，胸脘痞闷，纳呆呕恶，厌食油腻，口粘不渴，大便溏垢|1,66,111:289,34,148,234,65,19,274,156,176,152,401,35,310,109
身目发黄，黄色鲜明，右胁胀闷、疼痛，牵引肩背，便秘，尿黄；身热不退，或寒热往来，口苦咽干，呕吐呃逆|13,18,103:5,168,90,11,24,6,16,15
发病急骤，黄疸迅速加深，其色如金，高热烦渴，胁痛腹满，烦躁不安；神昏谵语，或见衄血、便血，或肌肤出现瘀斑|25,67,112:314,76,95,3
身目俱黄，黄色晦黯，或如烟熏；纳少脘闷，或见腹胀，大便不实，神疲畏寒，口淡不渴|16,68,113:289,116,65,163,4
面目及肌肤淡黄，甚则晦黯不泽；纳呆，腹胀，神疲乏力|3,21,114:59,2,238,15,16,3,4
腹中气聚，攻窜胀痛，时聚时散；脘胁之间时或不适，常随情志变化而加重或减轻|1,10,20:5,6,17,8,26,82,10,113,7,9,170,195
腹胀或痛，腹部时有条索状物聚起，重按则胀痛更甚；便秘，纳呆|1,69,29:26,113,114,168,100,90
积块软而不坚，固定不移；胀痛不适|1,70,20:98,79,158,235
腹部积块明显，硬痛不移；面黯消瘦，纳减乏力，女子或见月事不下|51,4,72:17,7,80,43,78,235,95,79,8,113,10,13,65,4
积块坚硬，疼痛加剧；面色萎黄或黧黑，消瘦脱形，饮食大减|52,71,115:13,65,19,4,83,17,6,7,315,316,317,235,8,100
胸膈疼痛，饮食不下，食入即吐，甚则滴水难进，大便坚如羊屎，或吐出物如赤豆汁；面色晦暗，肌肤枯燥，形体消瘦。|53,4,78:76,83,17,43,78,225,14
腹部胀大，按之不坚，叩之如鼓；胁下胀满或疼痛，饮食减少，食后胀甚，嗳气不适，小便短少|1,64,20:5,8,10,7,122,170,9,19,274,156
腹大胀满，按之如囊裹水；脘腹痞胀，得热稍舒，精神困倦，怯寒懒动，甚则颜面微浮，下肢浮肿，小便少，大便溏|1,64,116:116,163,65,26,170,19,169,288
腹大坚满，脘腹撑急；烦热口苦，渴不欲饮，小便赤涩，大便秘结或溏垢，或有面目皮肤发黄|30,9,110:289,94,11,168,170,195,9,65,19,156,157
长期吞咽受阻，水饮不下，泛吐清涎，面色?白，精神疲惫；偏脾阳虚者，兼腹胀便溏；偏肾阳虚者，兼形寒气短，面浮足肿。|54,56,117:13,19,65,4,318,9,24,195,15,16,83,116,121,125,126,214,17,103,319,64
腹大坚满，青筋暴露，胁腹刺痛；面色黯黑，面颈胸臂出现血痣呈丝纹状，手掌赤痕，口干不欲饮水，或见大便色黑|34,4,72:17,7,80,79,316,159,19,48
腹大胀满，形似蛙腹，朝宽暮急；面色苍黄或㿠白，神倦怯寒，脘闷纳呆，肢冷或下肢浮肿，小便短少不利|55,4,118:116,121,163,13,65,19,274,156,157
呃声沉缓有力，得热则减，遇寒更甚；胸膈及胃脘不舒，恶食冷饮，喜食热食，口淡不渴；或有过食生冷寒凉史，或于受寒后发病。|1,72,119:320,321,322,14
腹大胀满，或见青筋暴露；面色晦滞，唇紫，口干而燥，心烦不寐，时或鼻衄，牙龈出血，小便短少|56,4,24:54,55,76,64,17,19,156
腹大胀满，骤然大量呕血，血色鲜红，大便下血，暗红或油黑；身热烦躁|25,4,24:184,76,95,136,190,323
大便时溏时泻，迁延反复，稍进油腻食物或饮食稍多，大便次数即增多，并伴有不消化食物；饮食减少，脘腹胀闷不舒，面色萎黄，神疲倦怠|3,56,58:13,19,65,4,195,9,23,324,125,325,41
咽痒咳嗽声重，气急，咯痰稀薄色白；伴鼻塞，流清涕，头痛，肢体酸楚，恶寒发热，无汗；|1,49,9:1,29,133,326,327,328,9,23,4
每于黎明之前，脐腹作痛，肠鸣即泻，泻下完谷，泻后即安；小腹冷痛，形寒肢冷，腰膝酸软|3,56,66:297,329,330,71
咳嗽频剧，气粗或咳声音哑，喉燥咽痛，咯痰不爽，痰粘稠或稠黄，咳时汗出；伴鼻流黄涕，口渴，头痛，肢楚，恶风，身热等风热表证；|6,74,121:131,132,35,133,23,4,34,37
腹中雷鸣，攻窜作痛，矢气频作，腹痛即泻，泻后痛减，每逢抑郁恼怒，或情绪紧张之时发生；平素常有胸胁胀闷，嗳气食少|33,4,20:6,65,9,30
喉痒干咳，连声作呛，咽喉干痛，唇鼻干燥，无痰或痰少而粘连成丝，不易咯出，或痰中带有血丝，口干；初起或伴鼻塞、头痛、微寒、身热等表证；|58,75,122:131,35,36,133,22,40,331,39,219,193,37
呃声洪亮，冲逆而出；口臭烦渴，多喜冷饮，大便秘结，小便短赤。|2,76,11:38,332,13,55,24,110,12
呃逆连声，常因情志不畅而诱发或加重；胸胁满闷，脘腹胀满，嗳气纳减，肠鸣矢气。|1,1,3:113,114,100,90,26
腹痛频作，里急后重，下痢赤白脓血；大便腥臭，肛门灼热，小便短赤|13,44,62:111,18,55,109,108
干咳少痰或痰中带血，色鲜红，胸部隐隐闷痛；潮热，颧红，或有轻微盗汗，口干咽燥|13,77,123:54,55,72,76,83,328,309,62,231
喘息，呼吸气促，胸部胀闷，咳嗽，痰多稀薄色白；兼有头痛，鼻塞，喷嚏、流清涕，无汗，恶寒，或伴发热，口不渴；|1,78,124:1,2,133,4
呃声低沉无力，气不得续；面色苍白，手足欠温，食少乏力，泛吐清水，或便溏久泻。|59,72,73:113,114,100,90,26
咳嗽反复发作，咳声重浊，胸闷，尤以晨起咳甚，痰多，痰粘腻或稠厚成块，色白或带灰色，痰出则咳缓；伴体倦，脘痞，纳差，腹胀，大便时溏；|1,64,125:24,9,19,14,161,333,196
发病急骤，腹痛剧烈，里急后重明显，痢下鲜紫脓血；壮热烦渴，头痛烦躁，神昏惊厥；亦可见下痢量少或无，而突然出现高热，神昏谵语，呕吐，喘逆，四肢厥冷|60,79,126:260,75,107,261
呃声短促，口干咽燥；烦渴少饮，不思饮食，或食后饱胀，大便干燥。|61,80,25:113,114,100,90,26
喘逆上气，胸胀或痛，息粗，鼻煽；咳而不爽，咯痰黏稠，形寒，身热，烦闷，身痛，有汗或无汗，口渴，溲黄，便干；|2,81,127:1,133,111,4
腹痛拘急，痢下赤白粘冻，白多赤少，或纯为白冻，里急后重；脘痞腹胀，头身困重|3,21,100:122,65,170,2,19,9
咳呛气急，痰少质粘或痰黄稠量多，反复咯血，血色鲜红；午后潮热，五心烦热，颧红，盗汗量多，胸胁掣痛，男子遗精，女子月经不调，形体日渐消瘦|18,82,33:55,70,76,83,17,6,39,23,284,109,203
痢下赤白脓血，或下痢鲜血粘稠，脐腹灼痛，虚坐努责，量少难出；午后低热，口干食少，心烦|62,4,33:5,168,90,11,24,6,16,15
喘咳气涌，胸部胀痛，痰多粘稠色黄，或痰中带血；胸中烦热，身热，面红，有汗，咽干，渴喜冷饮，尿赤，或便秘；|1,83,11:160,24,161,133,39,335,11,75
久痢缠绵不已，痢下赤白清稀或白冻，无腥臭，甚则滑脱不禁；偏脾阳虚者，兼腹部隐痛，喜温喜按，肛门坠胀，便后更甚偏较肾阳虚者，兼食少神疲，形寒畏冷，四肢不温|3,6,128:13,65,110,163,121,17,3,26,241,336,337,330
下痢时发时止，日久难愈，常因饮食不当、感受外邪或劳累而诱发，发时大便次数增多，便中带有赤白粘冻，腹痛，里急后重；腹胀纳少，倦怠怯冷|16,68,129:13,65,19,163,4,75
喘而胸满闷窒，甚则胸盈仰息，咳嗽痰多粘腻色白，咯吐不利；兼有脘闷，呕恶，纳呆，口黏不渴；|1,84,2:24,9,19,14,161,333,196
咳嗽气息粗促，或喉中有痰声，痰多质粘厚或稠黄，咯吐不爽，或有热腥味，或吐血痰，胸胁胀满，咳时引痛；面赤，或有身热，口干欲饮；|6,85,62:11,94,109,160,19,39,137,23,9,4,55
咳逆上气阵作，咳时面赤，口苦咽干，痰粘难咯，或如絮条；胸胁胀痛，咳时引痛，症状可随情绪波动而增减；|63,86,23:202,88,11,160,203,110,4
干咳，咳声短促，痰少粘白或痰中带血丝，或咳声逐渐嘶哑；午后潮热，盗汗，颧红，口干咽燥；|6,33,33:54,55,104,56,219,282,160,203,4
咳声低弱无力，气短不足以息，咯痰清稀色白量多；神疲懒言，食少，面色㿠白，畏风自汗，易感冒；|3,56,58:13,121,163,296,24,25,26
多食易饥，口渴，尿多；形体消瘦，大便干燥；|1,18,130:111,18,55,109,108
咳嗽气急，呼吸不利，咯吐白色清稀泡沫痰；形寒背冷，喜热饮，在冬季或受寒后发作或加重；|1,39,131:1,140,163,2,24,71,6
喉中哮鸣有声，呼吸急促，反复发作，时发时止，止时又如常人；发病前多有鼻痒、咽痒、喷嚏等症；|3,56,132:1,161,133,160,19,9
喉中哮鸣有声，呼吸急促，痰多，色白多泡沫；口不渴或渴喜热饮，形寒肢冷，面色青晦，天冷或受凉易发，或恶寒、无汗、身痛；|16,87,133:310,1,140,24,15,326,341,4,71
口渴引饮，能食与便溏并见，或饮食减少；精神不振，四肢乏力|16,88,134:13,19,342,4,343,26,21
泄泻腹痛，泻下急迫；或泻而不爽，粪色黄褐，气味臭秽，肛门灼热，烦热口渴，小便短黄|1,9,83:21,11,75,4,26,19,157
喉中哮鸣有声，呼吸急促，咯痰色黄或白，粘浊稠厚；烦闷不安，汗出，面赤，口苦；|6,9,135:160,11,1,133,24,161,295,344
喉中哮鸣如鼾，声低，气短息促，动则喘甚，发作频繁，甚则喘息持续不解，咳痰无力；偏阳虚者，兼痰涎清稀，面色苍白，形寒肢冷|16,4,66:345,114,346,71,57,161,24,295,9
尿频量多，混浊如脂膏，或尿甜；腰膝酸软，乏力，头晕耳鸣，口干唇燥，皮肤干燥；|13,33,33:83,126,125,19,156,95,116,121,108,157
喘咳气逆，倚息难以平卧，咯痰稀白；心悸，面目肢体浮肿，小便量少，怯寒肢冷，面色晦暗，唇甲青紫；|64,12,136:351,65,19,3,15,48,16
喉中哮鸣如鼾，声低，气短息促，动则喘甚，发作频繁，甚则喘息持续不解，咳痰无力；偏阴虚者，兼痰涎粘稠，颧红，烦热口渴|43,4,33:57,345,114,346,71,161,24,295,9
喉中时有轻度哮鸣，痰质稀色白，气短声低； 常易感冒，自汗，恶风，倦怠乏力，食少便溏；|16,56,58:59,57,65,19,24,9
小便频数，混浊如膏，甚至饮一溲一，面色黧黑，耳轮干枯，腰膝酸软；四肢欠温，畏寒肢冷，阳痿或月经不调；|1,89,118:83,126,125,19,156,95,116,121,108,157
每遇情志刺激而诱发，突然呼吸短促，息粗气憋；胸闷胸痛，咽中如窒；平素常多忧思抑郁，或失眠、心悸，或不思饮食，大便不爽，或心烦易怒，面红目赤|65,90,3:26,113,10,114,100
气短息促，动则尤甚，吸气不利； 偏于阳虚者，兼畏寒肢冷，面色苍白|66,4,66:59,57,65,19,24,9
气短息促，动则尤甚，吸气不利； 偏于阳虚者，兼畏寒肢冷，面色苍白 偏于阴虚者，兼五心烦热，颧红，口干|67,33,137:126,83,19,125
小便频数短涩，灼热刺痛，溺色黄赤，少腹拘急胀痛；或有寒热，口苦，呕恶，或有腰痛拒按，或有大便秘结。|2,8,138:352,353,157,234,354,168,107,46,47
喘促短气，气怯声低，喉有鼾声；咳声低弱，痰吐稀薄，自汗畏风，极易感冒；|5,91,5:13,59,83,71,326,160,59,65,30
尿中时夹砂石，排尿涩痛，或排尿时突然中断，尿道窘迫疼痛；少腹拘急，往往突发，一侧腰腹绞痛难忍，甚则牵及外阴，尿中带血。瞿麦、篇蓄、通草、滑石清热利湿通淋；金钱草、海金沙、鸡内金、石韦排石化石；穿山甲、虎杖、王不留行、牛膝活血软坚；青皮、乌药、沉香理气导滞。，加以；，加以，去；，加；，为虚实夹杂，当标本兼顾，可用；腰膝酸软，，加；，加以；，配。，可。，多无明显自觉症状，可常用。若宜。|2,23,139:352,353,141,234,355,356,357,358,359,360,361,108,82,113,114
小便热涩刺痛，尿色深红，或夹有血块，小腹疼痛满急，或见心烦。|2,3,11:144,76,134,135,76,362,94,234,17,158,363,231,364
尿痛涩滞不显著，尿色淡红，神疲腰酸。|5,4,25:109,107,83,125,126,156,19,365,144,135,134,106
小便涩滞，淋沥不畅，少腹满痛。|1,1,140:114,82,113,8,358,234,366,157
咳逆喘息，咯痰黄或白，粘稠难咯，胸部膨满；身热，口渴，尿黄，便干|68,92,11:160,24,161,133,39,335,11,75
虚证：尿后余沥，少腹坠胀，面色㿠白。|9,4,141:59,13,65,14,5,225,17,9,125,41
神志恍惚，表情淡漠，烦躁不安，或肢肉瞤动，抽搐，或谵妄，嗜睡，或昏迷；咳逆喘促，或伴喉中痰鸣，唇甲青紫|69,93,142:24,9,90,19,4,151
小便浑浊如米泔水，或置之沉淀有如絮状，或见尿血甚至尿中夹有血块，尿道热涩疼痛。|2,8,143:354,152,107,157,367,368,369,370,371,95,372
胃痛暴作，恶寒喜暖，得温痛减，遇寒加重；口淡不渴，或喜热饮|3,6,102:206,8
虚证久病不已，反复发作，淋出如脂，涩痛较轻，神疲乏力，腰膝酸软。|9,17,144:373,374,375,96,376,377,378
小便淋沥不已，赤涩疼痛不甚，时轻时重，时作时止，遇劳即发；腰膝酸软，神疲乏力，病程缠绵。|9,4,15:57,59,294,325,19,41,156,347,126,214,348,349,350
喘促日久，气息短促，呼多吸少，动则喘甚，气不得续 形瘦神惫，小便常因咳甚而失禁，或尿后余沥，面青唇紫，汗出肢冷，跗肿|9,94,145:116,83,126,156,121,95,125,19,13,379
胃脘疼痛，胀满拒按，嗳腐吞酸，或呕吐不消化食物，其味腐臭，吐后痛减，不思饮食；大便不爽，得矢气及便后稍舒|1,95,69:123,180,196,19,150,9,34
喘逆剧甚，张口抬肩，鼻翼煽动，端坐不能平卧，稍动则喘剧欲绝  心慌动悸，烦躁不安，肢冷，面青唇紫，汗出如珠|70,96,146:13,116
小便浑浊，色白或黄或红，或夹凝块，上有浮油，或伴血块；或尿道有灼热感，口苦，口干；舌质红，苔黄腻，脉濡数。|6,9,68:354,152,107,289,234,157,370,371,95,372
胃脘胀满，攻撑作痛，痛连两胁；胸闷嗳气，善太息，大便不畅，遇烦恼郁怒则痛作或痛甚，得嗳气，矢气则痛舒|1,49,20:5,17,6,35,95,94,65,19,4,15
尿浊反复发作，日久不愈，状如白浆；小腹坠胀，神倦无力，面色无华，劳累或进食油腻则发作加重。|3,56,147:57,59,65,125,233,349,381,348,225,5
恶寒发热，咳嗽，胸痛，咳时尤甚；咯吐白色黏痰，痰量由少渐多，呼吸不利，口干鼻燥|5,7,10:33,34,4,191,36,23,38,37
尿浊日久不愈，小便乳白如脂膏，精神萎靡，消瘦无力，腰膝酸软，头晕耳鸣；烦热，口干。|6,4,33:83,125,126,64,382,27,233,348,19,156
身热转甚，时时振寒，继则壮热，咳嗽气急，胸满作痛，转侧不利，咳吐黄稠痰，或黄绿色痰，自觉喉间有腥味；口干咽燥，烦躁汗出|2,8,11:383,384,385,43,23,4,11,107,94,75
尿浊日久不愈，小便乳白如脂膏，精神萎靡，消瘦无力，腰膝酸软，头晕耳鸣；面色㿠白，形寒肢冷。|4,4,66:386,116,214,121,382,27,233,348,19,156
咳吐大量脓痰，或如米粥，或痰血相兼，腥臭异常；有时咯血，胸中烦满而痛，甚则气喘不能卧，身热面赤，烦渴喜饮|2,8,148:33,34,4,191,36,23,38,37
胃脘痞满，灼热急迫，按之满甚；心中烦热，咽干口燥，渴喜冷饮，身热汗出；大便干结，小便短赤|13,18,62:168,75
胃脘满闷，痞塞不舒，按之尤甚，嗳腐吞酸；恶心呕吐，厌食，伴饮食不节史；大便不调|1,38,29:123,180,196,19,150,9,34
胃脘不舒，满闷痞塞，胸胁胀满，常因情志因素而加重；心烦易怒，善太息，恶心嗳气，大便不爽|1,49,20:8,7,122,123,94
身热渐退，咳嗽减轻，咯吐脓血渐少，臭味亦减，痰液转为清稀；精神渐振，食欲改善，或见胸胁隐痛，难以久卧，气短乏力，自汗，盗汗，低热，午后潮热，心烦，口干咽燥，面色不华，形瘦神疲|71,35,149:54,55,56,57,58,59,17,39,42
脘腹痞满，闷塞不舒，胸膈满闷；头晕目眩，头重如裹，身重肢倦，咳嗽痰多，恶心呕吐，纳差，口淡不渴，小便不利|72,28,150:123,180,196,19,150,9,34
胃脘痞闷，时缓时急，喜温喜按，少气懒言；食少不饥，身倦乏力，四肢不温；大便溏薄|16,6,151:13,59,65,4,225,5,17,9
咳嗽痰多，色白粘腻或呈泡沫，喘息气短，胸部膨满；怕风自汗，倦怠乏力，纳呆腹胀|73,97,152:24,9,19,14,161,333,196
脘腹痞闷，嘈杂，饥不欲食，口燥咽干；恶心嗳气，大便秘结|13,33,33:76,55,54,56,387
面浮肢肿，甚则一身悉肿，腹部胀满有水，心悸，喘咳不能平卧，咯痰清稀，尿少； 脘痞纳差，畏寒肢冷，或面青唇紫|74,12,153:351,65,19,3,15,2,65,19,274,156
呼吸浅短难续，甚则张口抬肩，倚息不能平卧，动则喘甚；咳嗽，痰白如沫，心悸，汗出，面色晦暗|75,72,153:57,71,346,345,388,114,389,161,295,24,25
胃脘灼痛，痛势急迫，喜冷恶热，得凉则舒；心烦易怒，泛酸嘈杂，口干口苦|13,18,23:5,17,6,35,95,94,65,19,4,15
胃脘灼痛，痛势急迫，脘闷嘈杂，口干口苦，口渴而不欲饮；纳呆恶心，头重如裹，身重肢倦，小便色黄，大便不畅|13,9,62:75,94,24,19,390,9,4
胃脘疼痛，如针刺、刀割，痛有定处，按之痛甚，痛时持久，食后加剧，入夜尤甚；吐血，黑便|34,4,89:158,235,69,380,195
腹中气聚，攻窜胀痛，时聚时散；脘胁之间时或不适，常随情志变化而加重或减轻|33,10,20:5,6,17,8,26,82,10,113,7,9,170,195
胃脘隐隐灼痛，似饥而不欲食；口燥咽干，五心烦热，消瘦乏力，口渴思饮，大便干结|17,4,33:54,55,76,64,17,98,3,4
胃痛隐隐，绵绵不休，喜温喜按，空腹痛甚，得食则缓，劳累或受凉后发作或加重；泛吐清水，神疲纳呆，四肢倦怠，手足不温，大便溏薄|3,56,154:59,2,15,3,14,238,16
腹胀或痛，腹部时有条索状物聚起，重按则胀痛更甚；便秘，纳呆|1,69,29:26,113,114,168,100,90
久痢缠绵不已，痢下赤白清稀或白冻，无腥臭，甚则滑脱不禁；偏脾阳虚者，兼腹部隐痛，喜温喜按，肛门坠胀，便后更甚；偏较肾阳虚者，兼食少神疲，形寒畏冷，四肢不温，腰膝酸软，|16,6,155:13,65,110,163,121,17,3,26,241,336,337,330
积块软而不坚，固定不移；胀痛不适|76,6,156:98,79,158,235
小便点滴不通，或量少而短赤灼热，少腹胀满；口苦口黏，或口渴不欲饮，或大便不爽|13,9,157:107,94,168,234,352,353,19,156,157
下痢时发时止，日久难愈，常因饮食不当、感受外邪或劳累而诱发，发时大便次数增多，便中带有赤白粘冻，腹痛，里急后重；腹胀纳少，倦怠怯冷。|16,68,129:13,65,19,163,4,75
腹部积块明显，硬痛不移；面黯消瘦，纳减乏力，女子或见月事不下|51,4,72:17,7,80,43,78,235,95,79,8,113,10,13,65,4
小便不畅，甚或点滴不通；咽干，烦渴欲饮，呼吸急促，咳嗽；发热咳嗽|13,14,37:11,160,44,55,37,219,203,157,19,156,274
积块坚硬，疼痛加剧；面色萎黄或黧黑，消瘦脱形，饮食大减|52,71,115:13,65,19,4,83,17,6,7,315,316,317,235,8,100
小便不通或通而不爽；情志抑郁，或多烦善怒，胁腹胀满|13,14,20:114,119,5,82,113,17,361,117,358,157,366,19
大便干结，腹中胀满，口干口臭；面红身热，小便短赤，心烦不安，时欲饮冷。|47,60,62:391,168,133,6,170,90
腹部胀大，按之不坚，叩之如鼓；胁下胀满或疼痛，饮食减少，食后胀甚，嗳气不适，小便短少|1,64,20:5,8,10,7,122,170,9,19,274,156
腹大胀满，按之如囊裹水；脘腹痞胀，得热稍舒，精神困倦，怯寒懒动，甚则颜面微浮，下肢浮肿，小便少，大便溏|1,64,116:116,163,65,26,170,19,169,288
胁肋刺痛，痛有定处；入夜更甚，胁肋下或面色晦暗；|20,4,158:392,305,396,43,394,395
小便点滴而下，时有排尿中断，或尿如细线，甚则阻塞不通，小腹胀满疼痛；有尿路结石、肿瘤或手术史|77,4,89:179,397,43,316,168,212,117,121,2
腹大坚满，脘腹撑急；烦热口苦，渴不欲饮，小便赤涩，大便秘结或溏垢，或有面目皮肤发黄|30,9,23:289,94,11,168,170,195,9,65,19,156,157
大便秘结，欲排不得，腹中胀满；胸胁满闷，嗳气呃逆，肠鸣矢气，纳差。|78,4,20:26,113,114,168,100,90
时欲小便而不得出，或量少而不畅，伴小腹坠胀；神疲乏力，食欲不振，气短而语声低微|3,10,58:13,57,59,65,2,121,225,5,19,274,156,157
胁肋隐痛，悠悠不休，遇劳加重；口干咽燥，心中烦热，头晕目眩；|6,33,109:76,64,54,55,17,98
小便不通或点滴不爽，排尿无力；面白神萎，神气怯弱，畏寒肢冷，腰膝冷而酸软无力|79,6,159:116,121,2,142,125,126,157,19,156
腹大坚满，青筋暴露，胁腹刺痛；面色黯黑，面颈胸臂出现血痣呈丝纹状，手掌赤痕，口干不欲饮水，或见大便色黑|34,4,72:17,7,80,79,316,159,19,48
身目俱黄，黄色鲜明，发热口渴；心中懊憹，腹部胀满，口干而苦，恶心呕吐，小便短少黄赤，大便秘结；|1,57,110:289,168,94
阳事不举，或举而不坚，坚而不久，精薄清冷；神疲倦怠，面色无华，头晕耳鸣，畏寒肢冷，腰膝酸软|3,56,66:319,214,285,213,398,103,116,121,399,215,386,83,126,64,17
阳事不举，精神不振，夜寐欠安；面色无华，纳呆食少，腹胀便溏|3,20,32:57,59,65,19,17,83,146,66,400,297,26,8
腹大胀满，形似蛙腹，朝宽暮急；面色苍黄或白，神倦怯寒，脘闷纳呆，肢冷或下肢浮肿，小便短少不利|55,4,118:116,121,163,13,65,19,274,156,157
大便艰涩，腹痛拘急，胀满拒按；手足不温，呃逆呕吐。|1,64,20:116,168,140
阳痿不举，精神抑郁，情绪不宁；胁肋胀痛，脘闷不适，食少便溏|1,6,20:5,6,17,65,19,14
身目俱黄，但不如前者鲜明，头重身困；嗜卧乏力，胸脘痞闷，纳呆呕恶，厌食油腻，口粘不渴，大便溏垢|1,66,111:289,34,148,234,65,19,274,156,176,152,401,35,310,109
腹大胀满，或见青筋暴露；面色晦滞，唇紫，口干而燥，心烦不寐，时或鼻衄，牙龈出血，小便短少|56,4,24:54,55,76,64,17,19,156
阳事不兴，举而不刚，胆怯易惊，心悸不安；夜寐不宁，常有受惊吓史|1,6,31:83,103,64,126,402,13,17
虽有便意，临厕努争乏力，难以排出，便后乏力；汗出短气，面白神疲，肢倦懒言。|49,6,58:59,286,300,9
阴茎萎软，阴囊潮湿臊臭；肢体困倦乏力，小便黄赤，口苦黏腻|13,9,62:155,11,94,5,148,157,156,17,76
身目发黄，黄色鲜明，右胁胀闷、疼痛，牵引肩背，便秘，尿黄；身热不退，或寒热往来，口苦咽干，呕吐呃逆；|13,18,103:5,11,24,90,168,6,4
大便干结；面色苍白，头晕目眩，心悸，失眠多梦，健忘|16,56,32:57,59,19,65,4,16,23,125,324,41,325,9,195,246,274,156,157
腹大胀满，骤然大量呕血，血色鲜红，大便下血，暗红或油黑；身热烦躁|25,4,24:184,76,95,136,190,323
发病急骤，黄疸迅速加深，其色如金，高热烦渴，胁痛腹满，烦躁不安；神昏谵语，或见衄血、便血，或肌肤出现瘀斑|25,67,112:314,76,95,3
少寐多梦，每多梦中遗精；头昏且晕，心烦心悸，精神不振，神疲乏力，小便赤热|13,14,33:75,76,17,146,50,66,381,13,4,107,195,72,83
身目俱黄，黄色晦黯，或如烟熏；纳少脘闷，或见腹胀，大便不实，神疲畏寒，口淡不渴|16,68,113:289,116,65,163,4
大便干结，甚如羊屎状；形体消瘦，头晕耳鸣，两颧红赤，心烦少眠，潮热盗汗，腰膝酸软。|13,31,33:70,55,76
颈前喉结两旁结块肿大，质软不痛，颈部觉胀；胸闷，喜太息，或胸胁窜痛，病情常随情志波动|1,6,20:84,85,86,87,88,89,9
遗精频作，或尿时有少量精液流出；心烦少寐，口苦或渴，胸闷脘胀，小便热赤浑浊，大便溏臭不爽|13,9,68:354,107,19,157,370,69,51,65
颈前喉结两旁结块肿大，按之较硬或有结节，肿块经久不消；胸闷，纳差|12,13,22:85,84,86,82,9,24,92,93,34,17,7
劳则遗精，心悸怔忡，失眠健忘；面色萎黄，肢体倦怠乏力，纳差便溏|3,10,134:13,59,4,125,19,66,130,26,23
梦遗频作，甚至滑精；腰膝酸软，眩晕，心烦失眠，耳鸣健忘，低热，颧红，形瘦盗汗|13,33,33:83,125,126,214,64,319,403,404
滑泄久遗；精神不振，面色苍白或枯槁无华，畏寒肢冷，阴部有冷感，夜尿多或尿少浮肿，溲色清白，余沥不尽|81,87,66:121,116,319,83,125,126,64,103,214,17
咳嗽无力，咯血，血色淡红；午后潮热，气短声低，食欲不振，形体消瘦|82,10,160:57,59,65,19,72,55,76,83,17,6,9,109,107,203,370
肢体颤动粗大，程度较重，不能自制；眩晕耳鸣，面赤烦躁，易激动，心情紧张时颤动加重，伴有肢体麻木，口苦而干，语言迟缓不清，流涎，尿赤，大便干|6,18,20:197,128,262,405,375,96,76,6,70,406,104,239,103,263,11,94,265,50
形体肥胖，脘腹胀满，多食善饥，胃脘灼痛，嘈杂，得食则缓；面色红润，口干口苦，心烦头昏|13,9,29:168,34,75,90,170,180,123,196,9,24,19
头摇不止，肢麻震颤，重则手不能持物；头晕目眩，胸脘痞闷，口苦口粘，甚则口吐痰涎。|83,57,103:197,128,262,405,375,96,76,6,70,406,104,239,103,263,11,94,265,50
咳逆喘息少气，痰中或见夹血，血色暗淡；形体羸弱，潮热，自汗，盗汗，面浮肢肿，心悸，唇紫，形寒肢冷，五更泻，声嘶失音，男子滑精、阳痿，女子经少、经闭|84,4,161:13,59,19,125,83,17,106,6,319,102
形盛体胖，身体重着，肢体困倦，胸膈痞满，神疲嗜卧；头晕目眩，痰涎壅盛，呕不欲食，口干而不欲饮，嗜食肥甘醇酒。|1,99,69:24,151,15,25,90,279,156,407,196,65,19,4
肥胖壅肿，神疲乏力，身体困重，胸闷脘胀；四肢轻度浮肿，晨轻暮重，劳累后明显，饮食如常或偏少，既往多有暴饮暴食史，小便不利，便溏或便秘。|85,13,114:57,59,19,65,4,16,23,125,324,41,325,9,195,246,274,156,157
咳吐浊唾涎沫，其质较粘稠，或咳痰带血，咳声不扬，甚则音嘶；气急喘促，口渴咽燥，午后潮热，形体消瘦，皮毛干枯|86,4,162:58,4,16,110,131,111,133,408,24
形体肥胖，颜面虚浮，神疲嗜卧，气短乏力，腹胀便溏；自汗气喘，动则更甚，畏寒肢冷，下肢浮肿，尿昼少夜频。|79,6,66:116,2,19,65,6,4,15
形体丰满，面色紫红或暗红；胸闷胁胀，心烦易怒，夜寐不安，大便秘结。|87,4,163:43,78,80,7,17,76,5,10,4,23,108,158,235
咯吐涎沫，其质清稀量多，不渴，短气不足以息；头眩，神疲乏力，食少，形寒，小便数，或遗尿|16,4,147:4,163,13,16,65,19
短气自汗，声低息弱，面色晄白；易于感冒，时寒时热|16,4,164:13,318,83,71,326,125,19,14
大便干结，腹中胀满，口干口臭；面红身热，小便短赤，心烦不安，时欲饮冷；|47,60,11:286,168,133,6,90,170
饮食减少，食后脘腹胀满不舒；面色萎黄，倦怠乏力，大便溏薄|88,10,165:349,348
心悸怔忡；胸闷气短，活动加重，面色晄白|16,56,58:13,83,17,65,67,66,4
面白神疲，耳鸣，腰酸膝软；小便频数而清或失禁，男子滑精早泄，女子带下清稀|16,56,76:83,125,126,64,103,57,4,17,214,233
心悸征忡；面色不华，失眠多梦|16,4,166:349,348
面色不华，头晕目眩，劳则隐隐胁痛，肢体麻木，筋脉拘急或惊惕肉瞤；女子月经不调或闭经|16,4,167:18,17,6,7,61,62,63,64,4
干咳，咽燥，咳血，甚或失音；潮热，盗汗|17,4,33:54,55,104,56,219,282,160,203,4
心悸，失眠烦躁；潮热盗汗，两颧潮红，口舌生疮|17,4,33:76,72,55,70,13,19,71,17,73,67,66,69,4
口干唇燥，不思饮食；大便干结，甚则干呕呃逆，面色潮红|89,100,33:55,76,56,54,218,125,4,409,91,24
头痛，眩晕耳鸣，目干畏光，视物不明；急躁易怒，或肢体麻木，筋惕肉瞤，面色潮红|90,4,24:76,64,6,67,54,55,288,4,17,410
腰酸遗精，两足痿弱，眩晕耳鸣，甚则耳聋；五心烦热，口干咽痛，颧红|91,96,168:83,126,125,64,411,319,108,275,284,282
面色苍白，心悸，自汗，神倦嗜卧；心胸憋闷疼痛，形寒肢冷|92,4,169:13,59,14,121,15
头晕，头痛，项强，目眩，视物不清；呕吐，失眠健忘，肢体麻木，面唇暗红或紫黯。|93,4,89:152,43,78,7,80,231,333,92
头痛头晕，耳鸣目眩，视物不清，恶心、呕吐，面红目赤；失眠健忘，肢体麻木，咽干，大便干，重则抽搐，震颤，或偏瘫，或角弓反张，或神昏谵语，颈项强直。|94,18,20:197,128,262,94,11,75,107,108,103,263,265,50
面色萎黄，食少；形寒，神倦乏力，少气懒言，大便溏泄，肠鸣腹痛|16,56,76:77,115,13,65,4,26,195
头痛头晕，耳鸣，神疲乏力，虚烦不宁；肢体麻木，语言謇涩，颈项强直，手足蠕动或震颤，口眼歪斜，偏瘫，口干，小便短赤，大便干。|6,101,115:62,83,6,106,284,28,128,200
头晕目眩，视物不清；手足心烦热，痰中带血。|13,31,33:76,83,126,64,132,95,19,412,96,413,414,415,9
腰背酸痛，遗精阳痿，多尿或小便不禁，夜多小便；面色苍白，畏寒肢冷，下利清谷或五更泄泻|95,56,170:121,116,319,83,126,125,64,214,103,17
咳嗽不畅，咳嗽咳痰，咳痰不爽，痰中带血，胸闷气憋，胸痛有定处，如锥如刺；或痰血暗红，口唇紫黯|96,10,171:43,78,7,80,108,17,83,5,10,4
咳嗽咯痰，气憋，痰质稠黏，量多，痰白或黄白相兼，痰中带血，胸闷胸痛；纳呆，便溏，神疲乏力|97,21,69:9,12,19,137,138,326,295
咳嗽无痰或少痰，或痰中带血，甚则咯血不止，胸痛；心烦失眠，低热盗汗，或热势壮盛，久稽不退，口干口渴，小便短赤，大便干结。|6,102,172:54,56,55,4,131,219,33,269,46,47,270
咳嗽痰少，或痰稀，咳声低弱，声音低微，气短喘促；神疲乏力，面色㿠白，形瘦恶风，自汗或盗汗，口干少饮|98,101,58:13,55,71,76,83,70,17,3,4,23
咳嗽气急，动则喘促、胸闷；或有耳鸣、腰酸膝软，夜间尿频，畏寒肢冷，神疲乏力。|99,6,66:54,55,56,219,131,285,213,398,121,399,215,103,416,83,126,64,17,4,65,417
右胁部胀满疼痛，右胁下肿块，胸闷不舒，少气乏力，善太息；纳呆食少，大便不爽，疲倦乏力，月经不调，面色萎黄或晦暗，形体消瘦，精神萎靡。|100,6,20:5,6,17,59,57,65,19,14,24,9
右胁疼痛较剧，如锥如刺，入夜更甚，甚至痛引肩背，右胁下结块较大，质硬拒按，或同时见左胁下肿块；面色萎黄而暗，倦怠乏力，脘腹胀满，甚至腹胀大，皮色苍黄，脉络暴露，纳差，大便溏结不调，月经不调。|101,20,173:43,78,168,17,315,316,79,117,165,359,5,4
右胁疼痛较甚，甚至痛引肩背，右胁部结块，身黄目黄，口干口苦，渴不欲饮，或饮入即吐，心烦易怒；食少厌油，脘腹胀满，大便干，小便短赤。|6,9,59:289,94,168,418,11,46
胁肋部疼痛，胁下肿块，质硬拒按，五心烦热，潮热盗汗，或手足蠕动；头晕目眩，纳差食少，脘腹胀满，甚则呕血、便血、皮下出血，小便短赤，大便干。|13,31,174:76,17,174,54,55,98
腹部阵痛，便中带血或黏液脓血便，里急后重，或大便干稀不调，肛门灼热不爽，泻下臭秽；或有发热，恶心，胸闷，脘腹胀闷，纳呆，口干，渴不欲饮，小便黄等症。|6,9,62:228,227,136,11,75,107,29,30,10,179
腹部疼痛拒按，或腹内结块，里急后重，大便脓血，血色紫黯，量多，泻下臭秽；烦热口渴，面色晦暗，或有肌肤甲错。|93,4,89:43,78,235,79,95,80,17,7,8,113,10,75,107,419,4
腹部冷痛，腹痛喜温喜按，或腹内结块，下利清谷或五更泄泻，或见大便带血；纳呆食少，面色苍白，疲乏少气无力，畏寒肢冷，腰酸膝冷。|102,6,175:13,125,59,83,103,64,126,213,215
腹部隐隐作痛，或腹内结块，大便带血，腰膝酸软，头晕，目眩，耳鸣，视物不清；五心烦热，口燥咽干，盗汗，遗精，月经不调，形瘦纳差，小便短赤，大便干。|13,31,24:83,126,125,156,95,19,109,107
腰腹疼痛，腰腹坠胀不适，尿频，尿急，尿痛，小便灼热感，或有尿血；发热，消瘦，纳差，大便不爽。|6,9,68:352,420,157,156,212,34,155,94,11,17,76,5,4
腰腹疼痛，如锥如刺，甚则腰腹部肿块，面色晦暗；尿血，发热，入夜尤甚，肌肤甲错。|93,6,89:43,78,7,17,6,83,8,26,10
腰腹部疼痛不适，得温痛减，腹胀，尿血，腰腹部肿块；纳呆食少，恶心、呕吐，消瘦，气短倦怠乏力，小便清长，大便溏泄，畏寒肢冷，腰膝酸软。|102,6,66:13,125,59,83,103,64,126,85,84
腰痛，腰腹部肿块，五心烦热；口干，口渴欲饮，小便短赤，大便秘结，消瘦乏力，盗汗。|6,77,33:83,126,125,156,95,19,109,107,79,117
肢体关节、肌肉疼痛酸楚，屈伸不利，活动受限，可涉及肢体多个关节，疼痛呈游走性；初起可见有恶风、发热等表证。|1,49,176:30,1,2,21,17,19,15,16,4
肢体关节疼痛，痛势较剧，部位固定，遇寒则痛甚，得热则痛缓；关节屈伸不利，局部皮肤或有寒冷感，时有肌肉酸楚疼痛。|16,49,102:421,1,3,4,224,59
肢体关节、肌肉酸楚、重着、疼痛，肿胀散漫；关节活动不利，肌肤麻木不仁|16,64,100:41,122,4,31,32,30,1,2,421,17,7
游走性关节疼痛，可涉及一个或多个关节，活动不便，局部灼热红肿，痛不可触，得冷则舒，可有皮下结节或红斑；常伴有发热、恶风、汗出、口渴、烦躁不安，等全身症状。|6,42,177:332,109,107,34,2,246,133,41,234,268,422
关节肿大、僵硬、变形、刺痛；关节肌肤紫黯、肿胀，按之较硬，肢体顽麻或重着，屈伸不利，或有硬结、瘀斑，面色黯黧，眼睑浮肿，或胸闷痰多。|34,64,173:43,78,17,7,6,19,24,9,333,423,223
痹证日久不愈，关节屈伸不利，肌肉瘦削，腰膝酸软；畏寒肢冷，阳痿，遗精，或骨蒸劳热，心烦口干。|4,103,178:32,30,275,140,121,13,19,4,17,142,3,103,108,263
头痛昏蒙，如有布裹；胸脘胀满，纳呆呕恶。|1,21,179:24,9,65,19,197,4,15,16
头痛经久不愈，痛处固定不移，如锥如刺；或有头部外伤史。|103,6,180:7,80,43,78,249,250,251,16,252
眩晕时作，精神不振，失眠多梦，腰膝酸软，耳鸣健忘；偏于阳虚者，形寒肢冷，面白无华或面色黧黑。|3,4,118:121,116,319,83,126,125,64,214,103,17
眩晕时作，精神不振，失眠多梦，腰膝酸软，耳鸣健忘；五心烦热，颧红盗汗，形瘦。|104,10,31:83,125,126,64,214,108,424,319
头晕目眩，动则加剧，遇劳即发；神疲乏力，心悸少寐，面色少华。|3,6,58:13,65,4,17,59,66,67,50,68,26,15,16
头晕胀痛，目眩耳鸣，遇劳或恼怒加剧；心烦少寐，面色潮红，口苦便秘。|13,18,23:197,128,262,94,11,263,103,108,264,265,50
头晕目眩，头重如蒙，视物旋转；胸闷作恶，呕吐痰涎。|1,21,29:24,9,65,19,197,4,15,16
头晕头痛，耳鸣健忘，心悸失眠；外伤或手术后起病。|105,4,173:7,80,43,78,249,250,251,16,252
头晕目眩，口眼歪斜，口角流涎，语言不利；偏身麻木，甚则半身不遂。|106,13,29:24,19,65,92,425,197,8,69,168
平素头晕目眩，耳鸣目胀，突然口眼斜，舌强言蹇，甚或半身不遂；五心烦热，肢体麻木，失眠少寐。|13,104,181:239,426,27,28,106,70,72,6,289,98,427,4
半身不遂，舌强语謇，口舌歪斜；头晕胀痛，失眠多梦，面红目赤，心烦易怒。|107,105,182:197,128,262,94,11,263,103,108,264,265,50
半身不遂，言语不利，口舌歪斜；面色无华，神疲乏力，心悸自汗，偏身麻木。|108,13,183:59,43,78,80,428,7,429
突然昏倒，神识昏糊，半身不遂或肢体拘急、抽搐，口舌歪斜；面红目赤，口噤气粗，鼻鼾痰鸣，烦闷躁扰，大便秘结。|107,9,103:430,128,132,131,6,76,39,91,50,4
突然昏倒，不省人事，半身不遂或肢体强痉，口舌歪斜；面红目赤，牙关紧闭，两手握固，气粗口臭，躁扰不宁。|13,106,23:197,128,262,94,11,263,103,108,264,265,50
突然昏仆，不省人事，半身不遂或肢体强痉，口舌歪斜；牙关紧闭，两手握固，面白唇暗，静卧不烦，四肢不温，痰涎壅盛。|1,21,184:24,9,90,19,4,151
突然昏仆，不省人事，手撒肢冷，肢体软瘫；目合口张，鼻鼾息微，汗多，二便失禁。|109,4,185:13,116
口舌歪斜，语言謇涩或失语，口角流涎；偏身麻木或半身不遂。|110,107,29:197,92,188,199,31,66,51,26,4
半身不遂或肢体麻木不仁；面色无华，口舌歪斜，言语不利，口角流涎。|111,6,72:59,43,78,80,428,7,429
半身不遂，患肢拘挛失用，足痿不能履地，舌强不语；腰膝酸软，眩晕耳鸣，心烦少寐。|13,31,186:431,126,213,215,116,121,55,218,71,51,66,19,432,433,35
腰部冷痛重着，转侧不利；逐渐加重，静卧病痛不减，寒冷和阴雨天则加重|16,21,187:163,4,19,65
腰部疼痛，重着而热，遇冷痛减；暑湿阴雨天气症状加重，活动后或可减轻，口渴不欲饮，小便短赤，或午后身热，微汗出|1,9,188:122,107,41,404
痛处固定，或胀痛不适，或痛如锥刺，日轻夜重，或持续不解，活动不利；病程迁延，常有外伤、劳损史；面晦唇暗|112,4,189:17,7,43,78,8,236,235,429,108,275
腰痛以酸软为主，喜按喜揉，腿膝无力，遇劳则甚，卧则减轻，常反复发作；少腹拘急，面色白，手足不温，少气乏力；心烦失眠，口燥咽干，面色潮红，手足心热|113,4,190:83,125,126,64,116,121,103,214,319,17
头摇肢颤，面色㿠白，表情淡漠，神疲乏力，动则气短；心悸健忘，眩晕，纳呆|114,108,191:43,78,7,80,108,17,83,5,10,4
头摇肢颤，持物不稳，腰膝酸软；失眠心烦，头晕，耳鸣，善忘，老年患者，常兼有神呆、痴傻|6,109,192:106,284,96,128,434,62,64,83,435,76,6,55,301,13,125,19,71,4
头摇肢颤，筋脉拘挛，畏寒肢冷，四肢麻木；心悸懒言，动则气短，自汗，小便清长或自遗，大便溏|16,49,193:13,59,404,429,43,78,61,17,7,83,6
头痛，项背强直，甚至口噤不能语，四肢抽搐；恶寒发热，无汗或汗出，肢体酸重。|1,110,80:31,32,30,256,7,226,21,6,4
发病急，病起发热，或热后突然出现肢体软弱无力；皮肤干燥，心烦口渴，咳呛少痰，咽干不利，小便黄赤，大便干燥|6,18,33:436,437,55,147,62,438,332,439,440,441
起病较缓，逐渐出现肢体困重，痿软无力，尤以下肢或两足痿弱为甚；肢体微肿，手足麻木，扪及微热，喜凉恶热，或发热，胸脘痞闷，小便赤涩热痛|6,57,194:122,107,354,246,41,422,288,108,106
起病缓慢，渐见肢体痿软无力，尤以下肢明显，腰膝酸软，不能久立甚至步履全废，腿胫大肉渐脱；眩晕耳鸣，舌咽干燥，遗精或遗尿，或妇女月经不调|13,33,33:443,108,83,406,109,107,17,6,9,163,444
项背强急，手足挛急，甚则口噤，角弓反张；壮热，烦躁，胸闷，腹胀便秘；口渴咽干喜冷饮，甚而神昏谵语|1,9,23:332,109,70,76,55,168,212,110,4
久病体虚，四肢痿弱，肌肉瘦削，手足麻木不仁，四肢青筋显露；肌肉活动时隐痛不适|115,4,72:13,59,404,429,43,78,61,17,7,83,6
项背强直，四肢抽搐；头痛如刺，痛有定处，形瘦神疲或胸脘满闷，呕吐痰涎。|116,13,195:249,250,43,78,7,80,9,24,19,445,90,4
项背强急，四肢麻木，蠕动无力，时作时止；唇舌干燥，皮肤干枯，头晕目眩，面色不华，小便短少，大便干结。|18,111,33:446,6,105,62,71,17,447,106,448,96,434
起病缓慢，肢体软弱无力逐渐加重，肌肉萎缩；神疲肢倦，少气懒言，纳呆便溏，面色㿠白或萎黄，面浮无华|3,6,58:13,65,125,324,442,4,16,59,17,41,19,195,9,225,5,123
恶寒发热，头身疼痛，无汗而喘|1,1,124:1,2,133,4
恶寒发热，无汗，头重身痛，腹痛吐泻，胸脘痞闷|1,24,6:449,450,451
身热汗多，口渴心烦，小便短赤，体倦少气，精神不振|1,4,196:437,218,55,75,38,452,109,4,110,453
失眠多梦，惊悸怔忡，心烦神乱：或胸中懊侬|117,4,25:74,454,455,456,457,458,14,76,17
心悸怔忡，虚烦失眠，神疲健忘，或梦遗，手足心热，口舌生疮，大便干结|2,33,25:76,148,459
虚烦失眠，心悸不安，头目眩晕，咽干口燥|2,4,57:460,4,109,19,461
壮热面赤，烦渴引饮，汗出恶热|1,4,197:111,462,109,4,463,110
身热多汗，心胸烦闷，气逆欲呕，口干喜饮，或虚烦不寐|2,112,196:38,111,24,464,105,465,13,4,463,110
常自汗出，夜卧更甚，心悸惊惕，短气烦倦|5,4,15:59,1,28
带下粘稠量多，色黄如浓茶汁， 其气腥秽|2,8,5:466,467,468,469,470,344,462
泻痢无度，滑脱不禁，甚至脱肛坠下，脐腹疼痛，喜温喜按，倦怠食少|9,5,198:13,17,65,330,121,14,313,26,336,337
五更泄泻，不思饮食，食不消化，或久泻不愈，腹痛喜温，腰酸肢冷，神疲乏力|9,1,199:330,297,71,329
高热烦躁，神昏谵语，舌謇肢厥。亦治中风昏迷，小儿惊厥属邪热内闭者。|118,4,200:383,41,492,43
高热烦躁，神昏谵语，痉厥，口渴唇焦，尿赤便闭，以及小儿热盛惊厥。|25,113,201:475,476,111,205,234,70,430,471,225,114,320,89,4
神昏谵语，身热烦躁，痰盛气粗。亦治中风、中暑、小儿惊厥属于痰热内闭者。|119,114,62:477,478,201,74,474,209,479,249,480,481
突然昏倒，牙关紧闭，不省人事。亦治心腹卒痛，甚则昏厥，属寒凝气滞者。|1,56,202:65,482,249,483,484,485,89,486,480,487,488,471,489,490,491
胸膈痞闷，脘腹胀痛，嗳腐吞酸，恶心呕吐，饮食不消。|1,4,5:8,7,122,94,123
头痛目赤，胁痛，口苦，耳聋，耳肿;肝经湿热下注证。阴肿，阴痒，筋痿，阴汗，小便淋浊，或妇女带下黄臭等|2,8,203:155,11,94,5,156,148,157,17,76,253
心胸烦热，口渴面赤，意欲饮冷，以及口舌生疮；或心热移于小肠，小便赤涩刺痛|2,4,4:76,148,459
红肿焮痛，或身热凛寒|1,81,204:208,39,30,112,179,4,494,359,495,81,236,33,9
恶寒发热，头面红肿掀痛，目不能开，咽喉不利，舌燥口渴|2,115,205:11,75,9,4,70,5,23,34,496,497,40,35,200,225
恶寒无汗，头微痛，咳嗽痰稀，鼻塞咽干|1,56,20:20,24,19,22,498,10,4,16,133,119
烦躁口渴，面赤唇焦，胸膈烦热，口舌生疮，睡卧不宁，谵语狂妄，或咽痛吐衄，便秘溲赤，或大便不畅|2,3,11:499,500,4,501,35,11,34
大热烦躁，口燥咽干，错语不眠；或热病吐血、衄血；或热甚发斑，或身热下利，或湿热黄疽；或外科痈疡疔毒，小便黄赤|2,3,204:75,11,107,94
热扰心神，身热谵语；热伤血络，斑色紫黑、吐血、衄血、便血、尿血等；蓄血瘀热，喜忘如狂，漱水不欲咽，大便色黑易解等|19,4,25:314,76,3,95
身热夜甚，神烦少寐，时有谵语，日常喜开或喜闭，口渴或不渴，斑疹隐隐|120,4,25:314,76,502,503,55,69,75,504,34
身热不甚，口渴，咽干鼻燥，干咳无痰或痰少而粘|13,116,206:131,133,54,505,506,507,193
脘腹胀满，不思饮食，口淡无味，恶心呕吐，嗳气吞酸，肢体沉重，怠惰嗜卧，常多自利|1,117,116:508,509,510,511,512,513,514,515,516
身热头痛，干咳无痰，气逆而喘，咽喉干燥，鼻燥，心烦口渴，胸满胁痛|89,33,207:70,634,578
恶寒发热，头痛，胸膈满闷，脘腹疼痛，恶心呕吐，肠鸣泄泻|1,24,5:159,208,207,532,120,65,533,511,534,498,535,536
腹胀满，不思饮食，口淡无味，恶心呕吐，嗳气吞酸，肢体沉重，怠惰嗜卧，常多自利|1,118,116:508,509,510,511,512,513,514,515,516
恶寒发热，头身疼痛，无汗而喘|1,1,124:537,538,539,536
口眼斜，舌强不能言语，手足不能运动，或恶寒发热|1,119,208:275,4,7,17,313,140,540,30,11,111,541,65,76,83,338,542
外感风寒，内伤湿滞证。恶寒发热，头痛，胸膈满闷，脘腹疼痛，恶心呕吐，肠鸣泄泻|1,64,5:159,208,207,532,120,65,533,511,534,498,535,536
恶风发热，汗出头痛，鼻鸣干呕,不渴|1,56,209:538,3,536,543,544
一身面目俱黄，黄色鲜明，发热，无汗或但头汗出，口渴欲饮，恶心呕吐，腹微满，小便短赤，大便不爽或秘结|13,9,210:289,94,168,545
尿频尿急，溺时涩痛，淋沥不畅，尿色浑赤，甚则癃闭不通，小腹急满，口燥咽干|1,57,62:157,352,420,234,553,536,148,554,555,556,557
口眼喁斜，或面肌抽动|5,5,5:546,439,547,548,549,550,551,257,147,552
恶寒发热，无汗，头痛项强，肢体酸楚疼痛，口苦微渴|1,120,6:31,30,122,140,7,558,76,11,4
头痛恶寒，身重疼痛，肢体倦怠，面色淡黄，胸闷不饥，午后身热|1,56,211:133,306,559,560,38,170,561,24
发热倦怠，胸闷腹胀，肢酸咽痛，身目发黄，颐肿口渴，小便短赤，泄泻淋浊|1,121,194:306,308,307,152,309,148,176,34,560,35,310
筋骨疼痛，或两足痿软，或足膝红肿疼痛，或湿热带下，或下部湿疮、湿疹，小便短赤|1,57,5:562,563,469
恶寒发热，头身疼痛，无汗，喘咳，痰涎清稀而量多，胸痞，或干呕，或痰饮喘咳，不得平卧，或身体疼重，头面四肢浮肿|1,12,6:537,3,140,163,536,538,71,564
咳嗽咽痒，咯痰不爽，或微有恶风发热|1,1,212:565,29,566,567,568,569
胁肋疼痛，嘈杂吞酸，呕吐口苦|2,3,49:75,329
身有微热，咳嗽痰多，甚则咳吐腥臭脓血，胸中隐隐作痛|2,8,11:383,41,492,43
头痛恶寒，身重疼痛，肢体倦怠，面色淡黄，胸闷不饥，午后身热|1,56,211:133,306,559,560,38,170,561,24
气喘咳嗽，皮肤蒸热，日晡尤甚|2,3,25:203,160
发热倦怠，胸闷腹胀，肢酸咽痛，身目发黄，颐肿口渴|1,121,194:306,308,307,152,309,148,176,34,560,35,310
妇人素有瘕块，妊娠漏下不止，或胎动不安，血色紫黑晦暗，腹痛拒按，或经闭腹痛，或产后恶露不尽而腹痛拒按|121,4,158:584,7,29,140,30,208,31,14
筋骨疼痛，或两足痿软，或足膝红肿疼痛，或湿热带下，或下部湿疮、湿疹，小便短赤|1,57,5:562,563,469
牙痛牵引头疼，面颊发热，其齿喜冷恶热，或牙宣出血，或牙龈红肿溃烂，或唇舌腮颊肿痛，口气热臭，口干舌燥|2,3,11:76,17,95,75,225
身热下利，胸脘烦热，口干作渴，喘而汗出|2,3,213:21,4,11,75
呕血、吐血、咯血、嗽血、衄血等，血色鲜红，来势急暴|2,4,4:143,144,178,136,575,576,335,168,95,243
腹痛，便脓血，赤白相兼，里急后重，肛门灼热，小便短赤|1,8,49:3,17,75,100,26,4,168,11,577
腹痛，里急后重，肛门灼热，下痢脓血，赤多白少，渴欲饮水|2,3,49:260,107,75,261
夜热早凉，热退无汗|2,112,25:171,284,578,109,365
咳嗽痰稠带血，咯吐不爽，心烦易怒，胸胁作痛，咽干口苦，颊赤便秘|2,3,49:584,7,29,140,30,208,31,14
尿中带血，小便频数，赤涩热痛|2,4,4:584,7,29,140,30,208,31,14
便前出血，或便后出血，或粪中带血，以及痔疮出血，血色鲜红或晦暗|2,3,4:229,581,191,10
大便下血，先便后血，以及吐血、衄血、妇人崩漏，血色暗淡，四肢不温，面色萎黄|9,5,30:4,582,65,351,62,11,583
偏正头痛，或巅顶作痛，目眩鼻塞，或恶风发热|1,1,6:584,7,29,140,30,208,31,14
发热，微恶风寒，无汗或有汗不畅，头痛口渴，咳嗽咽痛|38,90,214:34,504,498,35,38,147,585,192,40
咳嗽，身热不甚，口微渴|1,4,214:131,132,133,34,35,498,147,586
身热不解，咳逆气急，甚则鼻煽，口渴，有汗或无汗|1,81,215:537,539,536,587,588
恶寒渐轻，身热增盛，无汗头痛，目疼鼻干，心烦不眠，咽干耳聋，眼眶痛|1,23,216:5,589,4,11,31,208,3,23,590
憎寒壮热，头项强痛，肢体酸痛，无汗，鼻塞声重，咳嗽有痰，胸膈痞满|9,5,217:537,538,539,536
胸满而痛，甚或胸痛彻背，喘息咳唾，短气，气从胁下冲逆，上攻心胸|1,24,218:90,170,138,2,137,599
咽中如有物阻，咯吐不出，吞咽不下，胸膈满闷，或咳或呕|1,122,219:24,170,19,15,20
睾丸冷痛，或小腹疼痛，疝气痛，畏寒喜暖|3,56,220:17,19
痰涎壅盛，胸膈满闷，喘咳短气，呼多吸少，或腰疼脚弱，肢体倦怠，或肢体浮肿|1,123,21:600,601,602,603,604,511,605,606
咳喘痰多气急，质稠色黄，或微恶风寒|1,8,11:607,608,1,161,4,295,609,610,611,612,613
胃脘痞闷或胀满，按之不痛，频频嗳气，或见纳差、呃逆、恶心，甚或呕吐|1,24,221:305,13,15,426,536,564,16,614
一身面目俱黄，黄色鲜明，发热，无汗或但头汗出，口渴欲饮，恶心呕吐，腹微满，小便短赤，大便不爽或秘结|13,8,222:289,94,168,545
尿频尿急，溺时涩痛，淋沥不畅，尿色浑赤，甚则癃闭不通，小腹急满，口燥咽干|1,57,11:157,352,420,234,553,536,148,554,555,556,557
皮肤瘙痒，疹出色红，或遍身云片斑点，抓破后渗出津水|1,119,214:17,222,30,615,109,616,617,29,122,40,111,4,148
头痛恶寒，身重疼痛，肢体倦怠，面色淡黄，胸闷不饥，午后身热|1,56,223:133,306,559,560,38,170,561,24
高热不退，烦闷躁扰，手足抽搐，发为痉厥，甚则神昏；以及肝热风阳上逆，头晕胀痛，耳鸣心悸，面红如醉，或手足躁扰，甚则瘈疚|122,4,49:546,439,547,548,549,550,551,257,147,552
小便不利，头痛微热，烦渴欲饮，甚则水入即吐；或脐下动悸，吐涎沫而头目眩晕；或短气而咳；或水肿、泄泻|1,56,224:274,545,156,65,19,2,545
脘腹痞满胀痛，嗳腐吞酸，恶食呕逆，或大便泄泻|1,95,69:180,123,24,19,9,34,196
汗出恶风，身重微肿，或肢节疼痛，小便不利|3,56,132:246,59,4,469,65
头目眩晕，目胀耳鸣，脑部热痛，面色如醉，心中烦热，或时常噫气，或肢体渐觉不利，口眼渐形喁斜；甚或眩晕颠仆，昏不知人，移时始醒，或醒后不能复元|1,4,225:239,405,375,96,618,378,70,72,98,619,289,4
胸胁支满，目眩心悸，短气而咳|1,124,226:19,538,65,536
脘腹胀痛，下痢泄泻，或大便秘结，小便短赤|1,57,227:168,622,623,532,624,625,65,156
脾胃虚寒证：脘腹绵绵作痛，喜温喜按，呕吐，大便稀溏，脘痞食少，畏寒肢冷，口不渴。阳虚失血证：便血、吐血、衄血或崩漏等，血色暗淡，质清稀。|9,72,96:13,163,14,65
畏寒肢厥，小便不利，心下悸动不宁，头目眩晕，身体筋肉瞤动，站立不稳，四肢沉重疼痛，浮肿，腰以下为甚；或腹痛，泄泻；或咳喘呕逆|123,39,228:19,3,65,543,116,626,545,627
头痛，眩晕，失眠多梦，或口苦面红|2,3,229:197,128,620,335,11,404,103,264,263,265,621
食少难消，脘腹痞闷，大便溏薄，倦怠乏力|1,44,147:628,629,630,4,631,13,623,9,195,632,633,125,330
手足瘈疭，形消神倦|124,112,230:257,62,618,582,301,71,96,634,14,635,448
身半以下肿甚，手足不温，口中不渴，胸腹胀满，大便溏薄|1,64,231:170,65,288,26,287,636,116,338,163,4
小便频数，浑浊不清，白如米泔，凝如膏糊|3,56,232:637,638,152,113
肩背痛不可回顾，头痛身重，或腰脊疼痛，难以转侧|1,56,132:31,639,256,30,4,226,7
腰膝疼痛、痿软，肢节屈伸不利，或麻木不仁，畏寒喜温，心悸气短|3,56,58:32,263,103,108,140,275,19,640,30,7,13,4,17,3,582
大便秘结，口渴|18,4,233:70,634,578
腹中拘急疼痛，喜温喜按，神疲乏力，虚怯少气；或心中悸动，虚烦不宁，面色无华；或伴四肢酸楚，手足烦热，咽干口燥。|9,5,234:538,14,16,614,3,15,556,641
.虚热肺痿：咳嗽气喘，咽喉不利，咯痰不爽，或咳唾涎沫，口干咽燥，手足心热.胃阴不足证：呕吐，纳少，呃逆，口渴咽干|13,31,162:105,24,13,4,110,16
咳嗽气喘，痰中带血，咽喉燥痛，头晕目眩，午后潮热|13,33,33:18,222,642,6,4,23,70,39,55
食后泛泛欲呕，或呕吐酸水，或干呕，或吐清涎冷沫，胸满脘痛，巅顶头痛，畏寒肢冷，甚则伴手足逆冷，大便泄泻，烦躁不宁。|9,12,235:329,13,15,16
往来寒热，胸胁苦满，默默不欲饮食，心烦喜呕，口苦，咽干，目眩|1,49,20:5,11,13,4,463,24,464,15,556,16,614
四肢厥逆，恶寒蜷卧，神衰欲寐，面色苍白，腹痛下利，呕吐不渴。|1,12,236:14,163,643,627
四肢厥冷，神衰欲寐，恶寒蜷卧，吐泻腹痛，口不渴，甚则身寒战栗，或指甲口唇青紫，或吐涎沫|3,56,237:77,163,13,14,342,121,9,71,19,150
手足厥寒，或腰、股、腿、足、肩臂疼痛，口不渴。|9,5,238:17,538,3,140,14,141,16
如贴骨疽、脱疽、流注、痰核、鹤膝风等，患处漫肿无头，皮色不变，酸痛无热，口中不渴。|9,5,239:83
妇人伤寒，经水适断，寒热发作有时|1,4,5:5,11,13,4,463,24,464,15,556,16,614
脘腹阵痛，烦闷呕吐，时发时止，得食则吐，甚则吐蛔，手足厥冷；或久泻久痢。|1,4,5:101
往来寒热，胸胁苦满，呕不止，郁郁微烦，心下痞硬，或心下满痛，大便不解或协热下利|1,45,240:5,11,3,24,464,15,556,90,463,16,614,168
寒热如疟，寒轻热重，口苦膈闷，吐酸苦水，或呕黄涎而粘，甚则干呕呃逆，胸胁胀疼，小便黄少|13,125,241:644,552,645,646,647,648,649,650
手足不温，或腹痛，或泄利下重|1,4,20:536,651,652,653,5,3
胁肋胀闷，脘腹疼痛|1,4,20:536,651,652,653,5,3
肠鸣腹痛，大便泄泻，泻必腹痛，泻后痛缓|1,49,242:628,654,655,30
心下痞，但满而不痛，或呕吐，肠鸣下利|1,126,5:24,464,11,163,13,75,16,614,4,463
面色萎白，语声低微，气短乏力，食少便溏|3,56,147:598,65,532,536
饮食不化，胸脘痞闷，肠鸣泄泻，四肢乏力，形体消瘦，面色萎黄|3,21,243:656,41,657,658,659,545,660,338,13,661,65,125
汗出恶风，面色晄白，虚人腠理不固，易感风邪|3,6,244:30,662,65
带下色白，清稀如涕，面色晄白，倦怠便溏|3,56,245:65,663,125,469,13,6,664,157,664,122,665,4,9,666,5
饮食减少，体倦肢软，少气懒言，面色萎黄，大便稀溏，以及脱肛，子宫脱垂，久泻久痢，崩漏等|3,4,246:667,668,536,598,669,670,225,5,65
身热自汗，渴喜热饮，气短乏力|3,4,247:13,105,71
头晕目眩，心悸失眠，面色无华，妇人月经不调，量少或经闭不行，脐腹作痛，甚或瘕块硬结，口唇、爪甲色淡|3,4,171:13,105,71
肌热面赤，烦渴欲饮。治妇人经期、产后血虚发热头痛；或疮疡溃后，久不愈合者。|1,4,248:59,675
心悸怔忡，健忘失眠，盗汗，体倦食少，面色萎黄|3,6,58:13,105,71
便血，皮下紫癜，妇女崩漏，月经超前，量多色淡，或淋漓不止|3,4,58:65,17,338,676,66,68,460,13,26,536
汗多神疲，体倦乏力，气短懒言，咽干口渴|18,33,162:13,105,71
干咳少痰，短气自汗，口干舌燥|1,4,249:13,105,71
大便不通，频转矢气，脘腹痞满，腹痛拒按，按之则硬，甚或潮热谵语，手足溅然汗出|1,127,250:679,680,463,681,212
下利清水，色纯青，其气臭秽，脐腹疼痛，按之坚硬有块，口舌干燥|1,4,54:679,680,463,681,212
热厥、痉病或发狂|1,4,5:679,680,463,681,212
右少腹疼痛拒按，按之其痛如淋，甚则局部肿痞，或右足屈而不伸，伸则痛剧，小便自调，或时时发热，自汗恶寒|1,128,11:168,682,43,42,212
腹痛便秘，脐下绞结，绕脐不止，手足不温，口不渴|1,5,251:168,17,163,116,13,212,4
大便干结，小便频数|1,4,5:447,3,681,683,684,685,539,686,687
大便秘结，小便清长，腰膝酸软，头目眩晕|9,5,220:17,108,688,156,225,10
咳唾胸胁引痛，心下痞硬胀满，干呕短气，头痛目眩，或胸背掣痛不得息|1,129,140:689,244,690,16
一身悉肿，尤以身半以下为重，腹胀喘满，二便不利|1,4,5:689,244,690,16
自利清水，色纯青，或大便秘结，脘腹胀满，腹痛拒按，身热口渴，神疲少气，谵语，甚则循衣摸床，撮空理线，神昏肢厥|1,130,252:168,212,90,170,17,13,4
小便频数，或尿如米泔色，或遗尿，或遗精，心神恍惚，健忘|9,5,15:382,66,51,27,13,50,17,691
猝然血崩或月经过多，或漏下不止，色淡质稀，头晕肢冷，心悸气短，神疲乏力，腰膝酸软|9,4,253:65,692,27,28,693,378,87,182,694,695
月经过多，或崩中漏下，血色深红或紫黑稠粘，手足心热，腰膝酸软|2,4,49:11,6,106,107,696,8
少腹急结，小便自利，神志如狂，甚则烦躁 谵语，至夜发热；以及血瘀经闭，痛经|1,4,254:43,168,2,536,212
胸痛，头痛，日久不愈，痛如针刺而有定处，或呃逆日久不止，或饮水即呛，干呕，或内热瞀闷，或心悸怔忡，失眠多梦，急躁易怒，入暮潮热，唇暗或两目暗黑|125,4,255:43,78,17,76,7,80,108,23,5,10,4
半身不遂，口眼喁斜，语言謇涩，口角流涎，小便频数或遗尿失禁。|106,56,256:697,179,80,429,7,78,43
胁肋瘀肿，痛不可忍。|1,4,5:5,698,17,78,4,359,168,43
漏下不止，血色暗而有块，淋漓不畅，或月经超前或延后，或逾期不止，或一月再行，或经停不至， 而见少腹里急，腹满，傍晚发热，手心烦热，唇口干燥。亦治妇人宫冷，久不受孕。|126,4,257:329,17,3,7,13,2,62,95,15,4,24,55
产后恶露不行，小腹冷痛。|1,4,5:699,7,43,163,536
心腹刺痛，或产后恶露不行，或月经不调， 少腹急痛等。|1,4,5:235,158
咳嗽痰多，色白易咯，恶心呕吐，胸膈痞闷，肢体困重，或头眩心悸。|1,131,69:75,24,464,703
胆怯易惊，头眩心悸，心烦不眠，夜多异梦；或呕恶呃逆，眩晕，癫痫。|1,21,29:601,91,622,700,9,4,463,19
咳嗽气喘，咯痰黄稠，胸膈痞闷，甚则气急呕恶，烦躁不宁。|6,9,62:533,539,622,701,702,19,92,150
胸脘痞闷，按之则痛，或心胸闷痛，或咳痰黄稠。|13,9,62:75,24,464,703
咳嗽呛急，咯痰不爽，涩而难出，咽喉干燥哽痛。|1,88,5:39,137,704,19,25,23
咳痰量多，清稀色白，或喜唾涎沫，胸满不舒。|1,39,29:19,4,163,140,71
眩晕，头痛，胸膈痞闷，恶心呕吐。|1,64,29:24,197,19,25,65,4
心动悸，虚羸少气|127,33,258:4,463,15,556,2,545,13,76,62,105,465,301,16,614
干咳无痰，或咳吐涎沫，量少，形瘦短气，虚烦不眠，自汗盗汗，咽干舌燥，大便干结|1,4,162:4,463,15,556,2,545,13,76,62,105,465,301,16,614
腰膝酸软，头晕目眩，耳鸣耳聋，盗汗，遗精，消渴，骨蒸潮热，手足心热，口燥咽干，牙齿动摇，足跟作痛，小便淋沥，以及小儿囟门不合|13,33,259:83,705,706,156,95,532
骨蒸潮热，盗汗遗精，咳嗽咯血，心烦易怒，足膝疼热|13,33,260:707,708,709,710,469
胸脘胁痛，吞酸吐苦，咽干口燥|13,132,261:436,55,711,76,64,98
腰痛脚软，身半以下常有冷感，少腹拘急，小便不利，或小便反多，入夜尤甚，阳痿早泄，以及痰饮，水肿，消渴，脚气，转胞等|128,4,262:18,712,156,19,95,121,713
舌强不能言，足废不能用，口干不欲饮，足冷面赤|1,4,175:714,715,716,717,718,719,720,721,722,723,724,525,557,51,725
