1 1,2,3,4
3 5,6,7,8,9,10,4
5 5,11,12,13,14,15,16
13 7,17,3,18
19 5,17,3
49 13,19,4,20,21,22,23,24,25,10,26
52 27,28
56 29,30,31,5,10,23,22,32,7
57 33,34,35,29,36,37,38,23,39,40,22,4
58 41,42,43,23,11,33,44,45,46,47,4,37
59 23,33,39,41,25,48,49,4
60 13,19,50,51,52,53
61 54,55,56,57,58,59,17,39,42
62 13,19,50,51,60,53
63 13,19,50,51,60,53
64 2,3,15,16,4
65 34,38,29,40,36,35,4,23
67 18,17,6,7,61,62,63,64,4
68 13,65,4,17,59,66,67,50,68,26,15,16
69 13,69,70,66,19,71,23,72,55,67,73,74,4,75,17,76
70 2,4,28,27,13,77,15,16
71 19,2,65,4
72 78,17,43,8,79,80,7,81,69,82,83,2,4,28,27
73 84,85,86,87,88,89,9
74 24,19,9,4,90,91,75,16
75 85,84,86,82,9,24,92,93,34,17,7
76 5,17,6,94,95,40,96,93,70
77 76,54,70,55,72,13,19,64,97,67,73,71,66,98
78 76,54,70,55,72,13,19,64,17,69,67,73,71,66,98
79 5,24,13,4,11,15,16,99,100,101
80 102,83,103,104,105,106,107,108
81 90,91,24,9,19,4,15,16
82 109,110,111,4,2
83 17,76,43,78,10,112,5,4,23,108,7
84 113,114,100,90,26
85 13,115,14,116
86 24,9,92,19,4,15,90,26,8
87 5,8,10,9,7,3,4
88 5,35,117,118,17,6,65,19,95,94
89 75,24,119,15,91,90,4
90 59,13,19,14,17,50,66,73,67,71,7,120,121,7,8,122,123,94
91 5,90,43,78,7,80,17,76,23,108
92 4,124,16
93 9,5,10,3,14,8,7
94 13,65,59,4,17,6,67,68,66,50,26
95 76,72,55,70,13,19,71,17,73,67,66,69,4
96 76,125,126,64,5,6,65,19,9,95,94
97 127,128,129,39,19,25,51,66,130,50,72,55,69,70,34
98 131,132,35,34,23,133,4,37,95,134,135,136
99 137,138,139,17,2,3,140,4,141,16
100 111,109,142,55,108,143,144,134,145
101 76,55,146,147,70,19,75,148,149,38
102 137,138,139,150,151,9,90,19,13,152,91,4,15
103 13,55,71,59,83,17,6,65,19,14,9,153,154
104 155,5,94,11,148,156,157,76,17,4,134,158,143,144,145
105 13,69,70,66,19,71,23,72,55,17,76,67,73,74,83,126,125,156,95
106 43,5,8,148,80,24,159,82,9,160,161,4,162,163,164,165,3,133,11,166,167,168,43,4
107 5,11,2,163,4,99,169,100,170,82,9
108 11,75,109,5,171,99,91,90,24,9,19,172
109 57,65,19,4,109,107,83,106,173
110 13,77,15,16,83,125,126,174,14,103,121,175
111 122,170,9,4,176,24,177,178,100,169,51
112 179,78,180,8,113,82,26,156
113 57,19,65,4,17,59,67,66,68,26,62,181,182
114 13,183,17,9,15
115 5,35,55,94,75,155,50,128,4,148,38,74
116 13,13,14,59,17,6,18,154,16,65,19,71,153,9
117 24,9,90,19,4,151,15
118 76,95,184,168,75,11,34,17,4,134,143,144,145
119 185,186,187,188,189
120 83,125,126,19,95,156,190,11,136,62
121 155,11,94,156,148,157,17,76,5,147
122 33,34,4,191,36,23,38,37
123 57,65,19,4,109,107,83,106,173
124 131,94,192,54,193,39,133,134,182,145,136
125 194,122,9,170,4,176,195,180,123,24,19,9,34,196
126 83,126,125,156,95,19,75,121
127 155,11,148,156,157,5,94,17,76,4
130 197,198,92,24,19,50,69,55,51,66,199,200,201,130
131 202,11,160,203,88,4,135,134,204
132 13,19,50,51,52,53,109,7,4,67
133 59,65,30
134 9,24,19,91,10,4,15,16
135 13,59,121,17,76,43,78,10,112,5,4,23,108,7
136 55,70,76,83,17,6,39,4,49,145,134,182
152 59,17
154 83,126,125,156,19,95,71,205
157 206,163,207,113,8,9
166 7,29,30,140,208,35,31,4
174 209,11,94,117,75,130
175 116,163,13,14
176 155,5,11,94,156,148,157,76,17,134,145,135,182
177 57,19,65,4,17,59,26,62,181,210,49,211
178 168,212,170,90
179 213,214,215,216,17,13,59,217,218,116,121
180 75,219,220,221,222,223,224
182 13,59,225,21,226,107,3
183 227,182,228,94,11,75,19,30,10,17
184 168,90,123,11,75,156,65,19
185 57,19,65,4,17,59,67,66,68,26,62,229,227,181
186 13,14,19,65,9,150,15,16,13,65,4,17,59,66,67,50,68,26,15,16
187 5,10,8,9,3,4,7
188 2,3,15,16,4
189 230,115,65,116,4,142,62,11,49,211,231,232
190 83,125,126,64,103,57,4,17,214,233
191 144,76,145,158,94,38,234,4,17
192 142,125,126,19,156,95,109,107,135,143,144,145,158
193 17,7,80,158,235,236,79,237,121,163
194 59,13,65,17,67,68,66,15,4,16,26,50
195 13,83,17,65,67,66,4
196 142,125,126,19,156,95,109,107,135,143,144,145,158
197 59,2,238,15,16,3,4
198 2,4,65,19,24,15
199 57,19,65,4,17,59,67,66,68,26,83,62,181,229
200 83,64,126,213,66,215,237,103,239,19,71,57,240,152,16
201 83,125,126,239,213,214,103,215,19,156,71,241,181,158,229,242
202 143,144,136,190,134,243,95,94,168
203 24,9,90,19,4,151
204 244,24,6,224,4,244,168,245,246,247
205 17,76,83,75,11,107,59
206 190,11,248,76,62,4
207 80,7,43,78,249,250,251,16,252
208 155,11,94,5,156,148,157,17,76,253
209 5,11,137,24,10,82,80,23,133
210 57,19,65,4,17,59,67,66,68,26,181,254,227,158,190,255
211 176,65,19,9,24,159,207,208,23
212 7,208,111,256,31,132
213 11,75,168,26,100,17,3,4,121
214 21,11,75,4,26,19,157
215 5,117,35,17,257,95,94,65,19,4
216 123,180,196,24,9,19
217 1,133,30,258,65,19,156,157,111,160,11
218 176,207,208,159,170,65,19,24,9,15
219 31,32,256,30,7,226,14
220 1,111,15,4,65,259
221 260,75,107,261
222 1,133,30,258,65,19,156,157,111,160,11
223 197,128,262,94,11,263,103,108,264,265,50
224 17,43,78,80,76,7,108,5,10,23
225 180,123,24,19,9,34,196
226 13,65,19,4,17,6,83,7,16,15
227 133,266,267,24,170,141,234,38
228 1,133,268,160,33,269,47,46,270
229 59,13,65,19,14,9,17,225,271
230 24,15
231 24,15,19,2,65,4
232 160,159,272,9,273,65,19,122,170,274,156,121
233 5,8,10,9,7,3,4
234 59,57,19,65,4,17,68,67,66,26
235 31,275,30,272,159,273,274,19,156,247,268,107,100,276
236 5,6,90,14,24,170,207,19,15
237 32,7,10,23,22,5,29,30,31
238 1,133,30,258,65,19,156,157,111,160,11,20,2,30
239 48,160,161,277,133,10,278,19,274,156,279,157,244,280,281
240 48,160,161,277,133,10,278,19,274,156,279,157,244,280,281
241 282,109,283,203,171,275,284
242 116,121,215,285,65,19,156,157,108
243 26,195,13,19,65,4,24,9
244 76,70,55
245 83,125,126,19,156,95,116,2
246 286,168,133,6,90,170
247 122,65,170,2,19,9
248 5,8,10,9,7,3,4
249 163,116,287,2,65,19,14,15,16,19,156,157,288,26,170,159
250 105,24,13,4,110,16
251 1,2,24,163,140,71,6,14
252 289,94,168
253 69,117,290,54,198,19,291,292
254 5,168,90,11,24,6,16,15
255 1,2,163,140,24,170,161,133,4,71
256 289,116,65,163,4
257 286,168,133,6,90,170
258 33,34,29,35,192,23,40,4,293,37
259 2,116,59,294,65,14,161,163,295,296,114,297,126
260 26,113,114,168,100,90
261 298,33,34,299,170
262 116,168,140
263 59,286,300,9
264 17,76,301,43,10
265 70,55,76
266 20,22,21,57,19,4
267 213,17,108,10,156,225
268 56,36,35,302,23,303,4,16
269 5,8,10,9,7,3,4
270 155,94,11,148,156,157
271 304,305
272 76,64,54,55,17,98
273 289,94,168
274 306,307,308,152,309,148,176,310,34,35,311,312,2,19,65,156,274
275 5,11,24,90,313,168,15,16
276 314,76,95,3
277 312,65,116,163,14,121
278 5,6,17,8,26,82,10,113,7,9,170,195
279 98,79,158,235
280 17,7,80,43,78,235,95,79,8,113,10,13,65,4
281 13,65,19,4,83,17,6,7,315,316,317,235,8,100
282 76,83,17,43,78,225,14
283 5,8,10,7,122,170,9,19,274,156
284 116,163,65,26,170,19,169,288
285 289,94,11,168,170,195,9,65,19,156,157
286 13,19,65,4,318,9,24,195,15,16,83,116,121,125,126,214,17,103,319,64
287 17,7,80,79,316,159,19,48
288 320,321,322,14
289 116,121,163,13,65,19,274,156,157
290 54,55,76,64,17,19,156
291 184,76,95,136,190,323
293 13,19,65,4,195,9,23,324,125,325,41
294 1,29,133,326,327,328,9,23,4
295 297,329,330,71
296 131,132,35,133,23,4,34,37
297 6,65,9,30
298 131,35,36,133,22,40,331,39,219,193,37
299 38,332,13,55,24,110,12
300 26,113,10,114,100
301 111,18,55,109,108
302 54,55,72,76,83,328,309,62,231
303 1,2,133,4
304 163,13,65,4
305 24,9,19,14,161,333,196
306 260,75,107,261
307 113,114,100,90,26
308 1,133,111,4
309 83,334,95,125,19,156
310 160,24,161,133,39,335,11,75
311 13,65,110,163,121,17,3,26,241,336,337,330
312 24,9,338,4
313 24,9,19,14,161,333,196
314 13,65,19,163,4,75
315 75,152,19,42,9,339,340,291
317 11,94,109,160,19,39,137,23,9,4,55
318 202,88,11,160,203,110,4
319 54,55,104,56,219,282,160,203,4
320 13,121,163,296,24,25,26
321 111,18,55,109,108
322 1,140,163,2,24,71,6
323 1,161,133,160,19,9
324 310,1,140,24,15,326,341,4,71
325 13,19,342,4,343,26,21
326 21,11,75,4,26,19,157
327 160,11,1,133,24,161,295,344
328 345,114,346,71,57,161,24,295,9
329 57,59,294,325,19,41,156,347,126,214,348,349,350
330 351,65,19,3,15,48,16
331 57,345,114,346,71,161,24,295,9
332 59,57,65,19,24,9
333 83,126,125,19,156,95,116,121,108,157
334 113,114,100,90,26
335 163,116,287,2,65,19,14,15,16,19,156,157,288,26,170,159
336 126,83,19,125
337 126,83,19,125
338 352,353,157,234,354,168,107,46,47
339 13,59,83,71,326,160,59,65,30
340 352,353,141,234,355,356,357,358,359,360,361,108,82,113,114
341 206,8
342 144,76,134,135,76,362,94,234,17,158,363,231,364
343 109,107,83,125,126,156,19,365,144,135,134,106
344 114,82,113,8,358,234,366,157
345 24,9,19,4
346 354,152,107,157,367,368,369,370,371,95,372
347 373,374,375,96,376,377,378
348 57,59,294,325,19,41,156,347,126,214,348,349,350
349 116,83,126,156,121,95,125,19,13,379
350 123,180,196,19,150,9,34
351 354,152,107,289,234,157,370,371,95,372
352 13,116
353 158,235,69,380,195
354 168,75
355 57,59,65,125,233,349,381,348,225,5
356 83,125,126,64,382,27,233,348,19,156
357 5,17,6,35,95,94,65,19,4,15
358 383,384,385,43,23,4,11,107,94,75
359 386,116,214,121,382,27,233,348,19,156
360 8,7,122,123,94
361 24,9,19,4
362 13,59,65,4,225,5,17,9
363 76,55,54,56,387
364 351,65,19,3,15,2,65,19,274,156
365 57,71,346,345,388,114,389,161,295,24,25
366 75,94,24,19,390,9,4
367 158,235,69,380,195
368 54,55,76,64,17,98,3,4
369 59,2,15,3,14,238,16
370 13,65,110,163,121,17,3,26,241,336,337,330
371 13,65,19,163,4,75
372 107,94,168,234,352,353,19,156,157
373 126,83,19,125
374 126,83,19,125
375 11,160,44,55,37,219,203,157,19,156,274
376 126,83,19,125
377 126,83,19,125
378 114,119,5,82,113,17,361,117,358,157,366,19
379 114,119,5,82,113,17,361,117,358,157,366,19
380 286,168,133,6,170,90
381 391,168,133,6,170,90
382 392,393,43,394,395
383 392,305,396,43,394,395
384 179,397,43,316,168,212,117,121,2
385 26,113,114,168,100,90
386 26,113,114,168,100,90
387 13,57,59,65,2,121,225,5,19,274,156,157
388 76,64,54,55,17,98
389 116,121,2,142,125,126,157,19,156
390 289,168,94
391 57,59,294,325,19,41,156,347,126,214,348,349,350
392 319,214,285,213,398,103,116,121,399,215,386,83,126,64,17
393 373,374,375,96,376,377,378
394 354,152,107,157,367,368,369,370,371,95,372
395 59,13,65,14,5,225,17,9,125,41
396 57,59,65,19,17,83,146,66,400,297,26,8
397 116,168,140
398 114,82,113,8,358,234,366,157
399 109,107,83,125,126,156,19,365,144,135,134,106
400 5,6,17,65,19,14
401 144,76,134,135,76,362,94,234,17,158,363,231,364
402 289,34,148,234,65,19,274,156,176,152,401,35,310,109
403 59,286,300,9
404 59,286,300,9
405 83,103,64,126,402,13,17
406 155,11,94,5,148,157,156,17,76
407 5,11,24,90,168,6,4
408 57,59,19,65,4,16,23,125,324,41,325,9,195,246,274,156,157
409 17,76,301,43,10
410 314,76,95,3
411 75,76,17,146,50,66,381,13,4,107,195,72,83
412 289,116,65,163,4
413 354,107,19,157,370,69,51,65
414 13,59,4,125,19,66,130,26,23
415 83,125,126,214,64,319,403,404
416 83,125,126,214,64,319,403,404
417 121,116,319,83,125,126,64,103,214,17
418 57,59,65,19,72,55,76,83,17,6,9,109,107,203,370
419 197,128,262,405,375,96,76,6,70,406,104,239,103,263,11,94,265,50
420 168,34,75,90,170,180,123,196,9,24,19
421 24,92,91,309,11,184,131,128,132,76,257,4,25,19,90
422 13,59,19,125,83,17,106,6,319,102
423 24,151,15,25,90,279,156,407,196,65,19,4
424 289,116,65,163,4
425 57,59,19,65,4,16,23,125,324,41,325,9,195,246,274,156,157
426 58,4,16,110,131,111,133,408,24
427 116,2,19,65,6,4,15
428 4,163,15,13,16
429 43,78,80,7,17,76,5,10,4,23,108,158,235
430 4,163,13,16,65,19
431 55,70,76,83,17,6,39,23,284,109,203
432 43,78,7,80,108,17,83,5,10,4
433 76,70,55
434 54,56,55,4,131,219,33,269,46,47,270
435 13,318,83,71,326,125,19,14
436 349,348
437 59,2,3,14,238,16,15
438 222,70,55
439 59,13,19,4,17,66,73,67,71,7,120,121
440 55,76,56,54,218,125,4,409,91,24
441 76,64,6,67,54,55,288,4,17,410
442 83,126,125,64,411,319,108,275,284,282
443 13,59,14,121,15
444 152,43,78,7,80,231,333,92
445 197,128,262,94,11,75,107,108,103,263,265,50
446 77,115,13,65,4,26,195
447 62,83,6,106,284,28,128,200
448 76,83,126,64,132,95,19,412,96,413,414,415,9
449 121,116,319,83,126,125,64,214,103,17
450 43,78,7,80,108,17,83,5,10,4
451 9,12,19,137,138,326,295
452 54,56,55,4,131,219,33,269,46,47,270
453 13,55,71,76,83,70,17,3,4,23
454 54,55,56,219,131,285,213,398,121,399,215,103,416,83,126,64,17,4,65,417
455 5,6,17,59,57,65,19,14,24,9
456 43,78,168,17,315,316,79,117,165,359,5,4
457 289,94,168,418,11,46
458 76,17,174,54,55,98
459 228,227,136,11,75,107,29,30,10,179
460 43,78,235,79,95,80,17,7,8,113,10,75,107,419,4
461 13,125,59,83,103,64,126,213,215
462 83,126,125,156,95,19,109,107
463 352,420,157,156,212,34,155,94,11,17,76,5,4
464 43,78,7,17,6,83,8,26,10
465 13,125,59,83,103,64,126,85,84
466 83,126,125,156,95,19,109,107,79,117
467 30,1,2,21,17,19,15,16,4
468 421,1,3,4,224,59
469 41,122,4,31,32,30,1,2,421,17,7
470 332,109,107,34,2,246,133,41,234,268,422
471 43,78,17,7,6,19,24,9,333,423,223
472 32,30,275,140,121,13,19,4,17,142,3,103,108,263
473 24,9,65,19,197,4,15,16
474 7,80,43,78,249,250,251,16,252
475 83,125,126,64,214,108,424,319
476 24,19,65,92,425,197,8,69,168
477 239,426,27,28,106,70,72,6,289,98,427,4
478 59,43,78,80,428,7,429
479 430,128,132,131,6,76,39,91,50,4
480 13,116
481 197,92,188,199,31,66,51,26,4
482 431,126,213,215,116,121,55,218,71,51,66,19,432,433,35
483 163,4,19,65
484 122,107,41,404
485 17,7,43,78,8,236,235,429,108,275
486 83,125,126,64,403,214,319,108
487 83,125,126,64,116,121,103,214,319,17
488 83,17,6,13,65,59,19,9,14,121,197,128,410,71,66
489 106,284,96,128,434,62,64,83,435,76,6,55,301,13,125,19,71,4
490 116,121,215,126,83,57,65,19,15,6,4
491 31,32,30,256,7,226,21,6,4
492 31,32,30,256,7,226,21,6,4
493 436,437,55,147,62,438,332,439,440,441
494 122,107,354,246,41,422,288,108,106
495 13,65,125,324,442,4,16,59,17,41,19,195,9,225,5,123
496 443,108,83,406,109,107,17,6,9,163,444
497 332,109,70,76,55,168,212,110,4
498 332,109,70,76,55,168,212,110,4
499 249,250,43,78,7,80,9,24,19,445,90,4
500 13,59,404,429,43,78,61,17,7,83,6
501 249,250,43,78,7,80,9,24,19,445,90,4
502 446,6,105,62,71,17,447,106,448,96,434
503 446,6,105,62,71,17,447,106,448,96,434
504 13,65,125,324,442,4,16,59,17,41,19,195,9,225,5,123
505 449,450,451
506 437,218,55,75,38,452,109,4,110,453
507 74,454,455,456,457,458,14,76,17
508 76,148,459
509 460,4,109,19,461
510 111,462,109,4,463,110
511 38,111,24,464,105,465,13,4,463,110
512 59,1,28
513 466,467,468,469,470,344,462
514 13,17,65,330,121,14,313,26,336,337
520 330,297,71,329
528 209,117,471,75,74,472,249,473,335,474,11
531 475,476,111,205,234,70,430,471,225,114,320,89,4
532 477,478,201,74,474,209,479,249,480,481
533 65,482,249,483,484,485,89,486,480,487,488,471,489,490,491
534 8,7,122,94,123
535 383,41,492,43
536 76,148,493
537 208,39,30,112,179,4,494,359,495,81,236,33,9
538 11,75,9,4,70,5,23,34,496,497,40,35,200,225
539 20,24,19,22,498,10,4,16,133,119
540 499,500,4,501,35,11,34
541 75,11,107,94
542 314,76,3,95
543 314,76,502,503,55,69,75,504,34
544 131,133,54,505,506,507,193
567 508,509,510,511,512,513,514,515,516
573 517,518,519,520,521,4,13,522,523,524,525,526,527,528,408,529,530,531
574 159,208,207,532,120,65,533,511,534,498,535,536
575 537,538,539,536
576 508,509,510,511,512,513,514,515,516
577 275,4,7,17,313,140,540,30,11,111,541,65,76,83,338,542
578 159,208,207,532,120,65,533,511,534,498,535,536
583 538,3,536,543,544
584 289,94,168,545
587 546,439,547,548,549,550,551,257,147,552
588 157,352,420,234,553,536,148,554,555,556,557
589 31,30,122,140,7,558,76,11,4
590 31,30,122,140,7,558,76,11,4
591 133,306,559,560,38,170,561,24
602 306,308,307,152,309,148,176,34,560,35,310
603 562,563,469
604 537,3,140,163,536,538,71,564
605 565,29,566,567,568,569
606 75,329
607 570,571,572,573,574,267,492,43
608 133,306,559,560,38,170,561,24
609 203,160
610 306,308,307,152,309,148,176,34,560,35,310
611 2,19,365,43,3
612 562,563,469
613 76,17,95,75,225
614 143,144,178,136,575,576,335,168,95,243
615 21,4,11,75
616 3,17,75,100,26,4,168,11,577
617 260,107,75,261
618 171,284,578,109,365
619 202,579,580,501,336
620 76,144,234,148,158,145,293,17,501,4
621 229,581,191,10
622 4,582,65,351,62,11,583
623 584,7,29,140,30,208,31,14
630 34,504,498,35,38,147,585,192,40
631 131,132,133,34,35,498,147,586
632 537,539,536,587,588
633 5,589,4,11,31,208,3,23,590
634 591,592,593,594,595,596,597,532,23,598,4
635 90,170,138,2,137,599
636 90,170,138,2,137,599
637 24,170,19,15,20
638 17,19
643 600,601,602,603,604,511,605,606
644 607,608,1,161,4,295,609,610,611,612,613
645 305,13,15,426,536,564,16,614
649 289,94,168,545
650 157,352,420,234,553,536,148,554,555,556,557
654 17,222,30,615,109,616,617,29,122,40,111,4,148
655 133,306,559,560,38,170,561,24
657 274,545,156,65,19,2,545
658 246,59,4,469,65
659 246,59,4,469,65
660 239,405,375,96,618,378,70,72,98,619,289,4
661 19,538,65,536
662 197,128,620,335,11,404,103,264,263,265,621
663 168,622,623,532,624,625,65,156
664 197,128,620,335,11,404,103,264,263,265,621
665 13,163,14,65
666 19,3,65,543,116,626,545,627
668 197,128,620,335,11,404,103,264,263,265,621
672 628,629,630,4,631,13,623,9,195,632,633,125,330
673 180,123,24,19,9,34,196
674 168,622,623,532,624,625,65,156
675 257,62,618,582,301,71,96,634,14,635,448
676 170,65,288,26,287,636,116,338,163,4
677 637,638,152,113
678 31,639,256,30,4,226,7
679 32,263,103,108,140,275,19,640,30,7,13,4,17,3,582
680 70,634,578
681 538,14,16,614,3,15,556,641
684 601,25,338,536
685 329,13,15,16
686 5,11,13,4,463,24,464,15,556,16,614
687 18,222,642,6,4,23,70,39,55
691 14,163,643,627
692 77,163,13,14,342,121,9,71,19,150
693 17,538,3,140,14,141,16
694 83
695 105,24,13,4,110,16
699 18,222,642,6,4,23,70,39,55
701 5,11,13,4,463,24,464,15,556,16,614
690 105,24,13,4,110,16
705 101
706 5,11,3,24,464,15,556,90,463,16,614,168
707 5,11,3,24,464,15,556,90,463,16,614,168
719 644,552,645,646,647,648,649,650
720 536,651,652,653,5,3
721 536,651,652,653,5,3
722 628,654,655,30
723 24,464,11,163,13,75,16,614,4,463
726 598,65,532,536
727 656,41,657,658,659,545,660,338,13,661,65,125
728 30,662,65
729 65,663,125,469,13,6,664,157,664,122,665,4,9,666,5
730 667,668,536,598,669,670,225,5,65
731 671,672,7,6,673,674
732 59,675
733 65,17,338,676,66,68,460,13,26,536
734 13,105,71
735 188,677,678
736 679,680,463,681,212
737 679,680,463,681,212
738 168,682,43,42,212
739 168,17,163,116,13,212,4
740 447,3,681,683,684,685,539,686,687
741 447,3,681,683,684,685,539,686,687
742 17,108,688,156,225,10
743 689,244,690,16
744 168,212,90,170,17,13,4
745 382,66,51,27,13,50,17,691
746 65,692,27,28,693,378,87,182,694,695
747 11,6,106,107,696,8
748 43,168,2,536,212
749 43,78,17,76,7,80,108,23,5,10,4
750 43,78,17,76,7,80,108,23,5,10,4
751 697,179,80,429,7,78,43
752 5,698,17,78,4,359,168,43
753 329,17,3,7,13,2,62,95,15,4,24,55
754 699,7,43,163,536
755 601,25,338,536
756 235,158
757 601,25,338,536
758 601,91,622,700,9,4,463,19
759 601,91,622,700,9,4,463,19
760 533,539,622,701,702,19,92,150
761 533,539,622,701,702,19,92,150
762 75,24,464,703
763 75,24,464,703
764 39,137,704,19,25,23
765 19,4,163,140,71
766 24,197,19,25,65,4
770 4,463,15,556,2,545,13,76,62,105,465,301,16,614
771 83,705,706,156,95,532
772 707,708,709,710,469
773 436,55,711,76,64,98
774 18,712,156,19,95,121,713
775 714,715,716,717,718,719,720,721,722,723,724,525,557,51,725
